1	1	36861	21191	7872	1875	4	728	109.2	2/18/2008 02:36:48
2	4	8117	11498	4337	1983	2	76	11.4	6/6/2008 05:00:16
3	5	1616	17433	8647	1983	2	350	52.5	6/6/2008 08:26:17
4	5	1616	19715	8647	1986	1	175	26.25	6/9/2008 08:38:52
5	6	47402	14115	8240	2069	2	154	23.1	8/31/2008 09:17:02
6	10	24858	24888	3375	2023	2	394	59.1	7/16/2008 11:59:24
7	10	24858	7952	3375	2003	4	788	118.2	6/26/2008 12:56:06
8	10	24858	19715	3375	2017	1	197	29.55	7/10/2008 02:12:36
9	10	24858	29891	3375	2029	3	591	88.65	7/22/2008 02:23:17
10	12	45635	10542	4769	2044	1	65	9.75	8/6/2008 02:51:55
11	12	45635	8435	4769	2042	2	130	19.5	8/4/2008 03:06:36
12	13	30606	9633	2147	1894	2	344	51.6	3/9/2008 03:18:56
13	14	12651	1664	2762	2059	2	244	36.6	8/21/2008 03:39:06
14	15	46833	2912	7910	1950	4	300	45	5/4/2008 05:39:08
15	15	46833	19715	7910	1970	1	75	11.25	5/24/2008 06:21:47
16	17	20228	36376	7837	1908	2	334	50.1	3/23/2008 06:27:34
17	17	20228	39913	7837	1912	1	167	25.05	3/27/2008 06:40:29
18	20	6300	23690	2075	1904	1	66	9.9	3/19/2008 06:46:46
19	20	6300	32200	2075	1914	4	264	39.6	3/29/2008 06:46:57
20	20	6300	25316	2075	1906	2	132	19.8	3/21/2008 07:01:03
21	21	45104	4373	403	1985	2	444	66.6	6/8/2008 07:56:35
22	21	45104	45572	403	2034	1	222	33.3	7/27/2008 08:10:52
23	22	19934	45572	742	2077	1	38	5.7	9/8/2008 09:40:05
24	22	19934	19769	742	2046	2	76	11.4	8/8/2008 10:19:05
25	23	4820	5223	7116	1839	2	258	38.7	1/13/2008 11:14:10
26	24	24459	15686	1260	1936	2	328	49.2	4/20/2008 12:17:14
27	28	32241	4695	1820	2112	1	111	16.65	10/13/2008 01:09:47
28	29	34152	10978	7622	2133	2	58	8.7	11/3/2008 03:35:47
29	29	34152	9876	7622	2131	1	29	4.35	11/1/2008 03:46:01
30	30	16240	9876	7351	2115	1	218	32.7	10/16/2008 04:00:01
31	31	22085	8980	4775	2050	2	488	73.2	8/12/2008 04:12:02
32	32	42668	4977	6478	2124	1	205	30.75	10/25/2008 04:33:11
33	32	42668	3233	6478	2122	3	615	92.25	10/23/2008 04:59:48
34	34	38609	16758	1468	2153	1	213	31.95	11/23/2008 05:10:34
35	34	38609	29418	1468	2168	4	852	127.8	12/8/2008 05:12:22
36	35	28953	9876	3663	2098	1	135	20.25	9/29/2008 05:14:34
37	36	42794	17873	3267	2116	2	124	18.6	10/17/2008 05:24:59
38	36	42794	46312	3267	2150	4	248	37.2	11/20/2008 05:27:40
39	36	42794	19141	3267	2117	1	62	9.3	10/18/2008 06:18:55
40	39	7312	16758	536	2012	1	209	31.35	7/5/2008 07:15:30
41	42	14734	11523	5322	1907	2	156	23.4	3/22/2008 07:37:20
42	42	14734	13886	5322	1910	1	78	11.7	3/25/2008 08:17:45
43	47	49346	33489	8577	2141	2	378	56.7	11/11/2008 09:51:06
44	47	49346	38403	8577	2147	1	189	28.35	11/17/2008 10:12:23
45	52	27110	11635	2300	2129	3	378	56.7	10/30/2008 10:33:47
46	53	824	7162	8415	2019	2	380	57	7/12/2008 10:53:04
47	53	824	23865	8415	2039	1	190	28.5	8/1/2008 11:21:21
48	54	49467	6987	283	2111	2	66	9.9	10/12/2008 11:40:01
49	55	1654	8935	4955	1932	2	496	74.4	4/16/2008 11:59:10
50	55	1654	13886	4955	1938	1	248	37.2	4/22/2008 12:02:56
51	58	38249	31436	401	2135	1	221	33.15	11/5/2008 12:13:35
52	58	38249	5545	401	2104	4	884	132.6	10/5/2008 12:16:57
53	60	21475	6584	2969	2175	1	108	16.2	12/15/2008 12:17:25
54	61	5258	3560	505	2042	2	168	25.2	8/4/2008 01:00:41
55	61	5258	18235	505	2059	1	84	12.6	8/21/2008 01:47:10
56	63	41815	23865	8260	1877	1	38	5.7	2/20/2008 02:19:37
57	64	18073	9477	5872	1887	4	352	52.8	3/2/2008 02:28:49
58	64	18073	2575	5872	1879	1	88	13.2	2/22/2008 02:51:57
59	64	18073	10515	5872	1888	3	264	39.6	3/3/2008 03:47:06
60	66	9151	18235	8478	2123	1	248	37.2	10/24/2008 03:50:10
61	66	9151	12162	8478	2116	2	496	74.4	10/17/2008 05:04:51
62	72	11258	10729	3398	2089	2	328	49.2	9/20/2008 05:18:34
63	72	11258	2671	3398	2080	1	164	24.6	9/11/2008 05:28:14
64	72	11258	14437	3398	2094	4	656	98.4	9/25/2008 05:33:51
65	79	43637	25664	2267	1898	1	242	36.3	3/13/2008 06:09:51
66	79	43637	4892	2267	1873	2	484	72.6	2/16/2008 06:21:51
67	79	43637	28652	2267	1902	3	726	108.9	3/17/2008 06:39:34
68	81	6330	12268	1816	1943	4	184	27.6	4/27/2008 07:04:14
69	83	21300	4855	677	2090	2	336	50.4	9/21/2008 07:10:03
70	85	49258	5223	473	2122	2	404	60.6	10/23/2008 07:21:35
71	85	49258	31778	473	2154	1	202	30.3	11/24/2008 07:40:10
72	88	25759	22881	8584	2010	1	86	12.9	7/3/2008 07:41:06
73	88	25759	37992	8584	2028	2	172	25.8	7/21/2008 08:06:35
74	90	24855	25569	299	2062	2	424	63.6	8/24/2008 08:08:14
75	94	23652	28081	6117	2080	2	74	11.1	9/11/2008 08:42:27
76	96	11679	27699	1501	2053	2	490	73.5	8/15/2008 09:07:59
77	97	45658	24628	8721	2089	4	424	63.6	9/20/2008 10:06:27
78	100	38557	39035	6307	2109	1	133	19.95	10/10/2008 10:12:19
79	101	37592	7079	3340	1878	1	36	5.4	2/21/2008 10:32:10
80	101	37592	8980	3340	1880	2	72	10.8	2/23/2008 10:55:22
81	103	26314	7079	15	2033	1	181	27.15	7/26/2008 11:04:13
82	106	12538	11301	250	1889	2	218	32.7	3/4/2008 11:26:14
83	106	12538	7079	250	1884	1	109	16.35	2/27/2008 11:58:35
84	107	2112	3418	5221	2043	2	214	32.1	8/5/2008 12:10:39
85	108	42630	24202	940	2166	3	711	106.65	12/6/2008 12:14:25
86	108	42630	13336	940	2153	2	474	71.1	11/23/2008 12:30:48
87	108	42630	22123	940	2163	1	237	35.55	12/3/2008 12:32:12
88	109	2576	48607	2887	1925	2	416	62.4	4/9/2008 01:02:31
89	113	29704	815	4699	2075	1	176	26.4	9/6/2008 01:49:23
90	114	29625	30342	2711	2155	1	250	37.5	11/25/2008 01:53:20
91	115	39115	815	3513	2062	1	137	20.55	8/24/2008 02:29:11
92	115	39115	11426	3513	2075	2	274	41.1	9/6/2008 02:46:14
93	116	43314	497	8675	1910	2	476	71.4	3/25/2008 03:33:14
94	116	43314	5955	8675	1917	1	238	35.7	4/1/2008 03:38:43
95	117	804	12142	1200	2029	1	149	22.35	7/22/2008 03:58:37
96	118	6079	815	1611	1862	1	47	7.05	2/5/2008 04:02:36
97	119	10123	12142	4157	1984	1	29	4.35	6/7/2008 04:36:38
98	120	30866	29475	7562	1990	1	81	12.15	6/13/2008 04:38:26
99	120	30866	15779	7562	1973	4	324	48.6	5/27/2008 04:55:04
100	120	30866	14474	7562	1972	2	162	24.3	5/26/2008 04:55:29
101	121	36856	6860	219	2012	1	52	7.8	7/5/2008 04:59:36
102	121	36856	8935	219	2014	2	104	15.6	7/7/2008 05:11:22
103	121	36856	16349	219	2023	3	156	23.4	7/16/2008 05:37:26
104	123	6954	13050	1440	2150	2	256	38.4	11/20/2008 05:44:42
105	123	6954	6860	1440	2143	1	128	19.2	11/13/2008 05:46:18
106	124	24514	5540	5784	1866	2	364	54.6	2/9/2008 05:50:05
107	126	48593	12142	747	1868	1	240	36	2/11/2008 06:15:35
108	126	48593	14838	747	1871	3	720	108	2/14/2008 06:51:59
109	126	48593	17433	747	1874	2	480	72	2/17/2008 06:57:16
110	128	15894	22659	121	2066	4	532	79.8	8/28/2008 07:02:00
111	128	15894	8758	121	2049	2	266	39.9	8/11/2008 07:47:00
112	130	18520	9633	4708	1933	2	406	60.9	4/17/2008 08:05:05
113	130	18520	6860	4708	1930	1	203	30.45	4/14/2008 08:06:46
114	130	18520	29467	4708	1957	3	609	91.35	5/11/2008 08:22:53
115	130	18520	12832	4708	1937	4	812	121.8	4/21/2008 08:37:34
116	132	18558	14350	5134	2041	2	132	19.8	8/3/2008 08:39:48
117	132	18558	22633	5134	2051	4	264	39.6	8/13/2008 08:56:58
118	132	18558	26489	5134	2055	1	66	9.9	8/17/2008 09:06:29
119	133	25352	7833	1252	2060	1	196	29.4	8/22/2008 09:32:48
120	133	25352	40475	1252	2099	2	392	58.8	9/30/2008 09:36:11
121	133	25352	40588	1252	2099	3	588	88.2	9/30/2008 09:52:16
122	134	23905	16502	4496	2092	3	363	54.45	9/23/2008 09:53:07
123	135	14384	16430	238	1963	3	642	96.3	5/17/2008 09:55:21
124	135	14384	37961	238	1989	2	428	64.2	6/12/2008 09:56:23
125	135	14384	7833	238	1953	1	214	32.1	5/7/2008 10:04:48
126	136	266	8241	5232	1956	2	206	30.9	5/10/2008 10:54:17
127	137	10713	6634	161	2019	2	292	43.8	7/12/2008 11:17:36
128	138	23922	7833	1382	1991	1	66	9.9	6/14/2008 11:21:18
129	138	23922	4373	1382	1987	2	132	19.8	6/10/2008 12:05:48
130	138	23922	34648	1382	2023	4	264	39.6	7/16/2008 12:17:45
131	140	26132	3961	5550	2164	3	396	59.4	12/4/2008 12:37:36
132	142	11367	10978	8224	2047	2	276	41.4	8/9/2008 12:56:58
133	143	23663	6488	7590	1953	1	54	8.1	5/7/2008 12:58:33
134	143	23663	11694	7590	1960	2	108	16.2	5/14/2008 01:05:12
135	145	46259	6488	994	2033	1	146	21.9	7/26/2008 01:09:42
136	146	13914	6488	3226	2118	1	208	31.2	10/19/2008 01:15:48
137	146	13914	13880	3226	2127	2	416	62.4	10/28/2008 01:40:55
138	147	44950	5440	8764	1908	1	239	35.85	3/23/2008 02:07:18
139	147	44950	3773	8764	1906	4	956	143.4	3/21/2008 02:25:17
140	148	49976	12991	3548	2105	2	260	39	10/6/2008 02:27:58
141	148	49976	18092	3548	2111	1	130	19.5	10/12/2008 02:28:11
142	149	24496	5440	6358	1898	1	240	36	3/13/2008 02:58:52
143	150	46955	5440	908	2066	1	136	20.4	8/28/2008 03:05:56
144	150	46955	11836	908	2074	2	272	40.8	9/5/2008 03:07:40
145	151	33851	9344	8211	1915	4	872	130.8	3/30/2008 03:28:04
146	152	31758	15211	2936	1995	1	231	34.65	6/18/2008 03:34:49
147	155	15155	10911	7533	1979	1	193	28.95	6/2/2008 04:19:00
148	155	15155	18855	7533	1988	2	386	57.9	6/11/2008 04:31:10
149	156	3065	3902	2264	2109	2	106	15.9	10/10/2008 04:34:32
150	159	46181	25641	6347	2066	1	162	24.3	8/28/2008 04:46:21
151	159	46181	14120	6347	2052	2	324	48.6	8/14/2008 04:47:48
152	160	9209	10632	8370	2064	2	230	34.5	8/26/2008 04:55:37
153	162	27703	7162	2906	1860	2	284	42.6	2/3/2008 05:20:30
154	162	27703	46451	2906	1907	3	426	63.9	3/22/2008 05:21:40
155	162	27703	10911	2906	1865	1	142	21.3	2/8/2008 05:30:47
156	163	24880	69	8253	1888	2	352	52.8	3/3/2008 05:36:13
157	163	24880	3828	8253	1892	3	528	79.2	3/7/2008 05:44:41
158	164	44863	7863	997	1990	2	220	33	6/13/2008 06:07:56
159	164	44863	14997	997	1999	4	440	66	6/22/2008 06:26:13
160	164	44863	17917	997	2002	3	330	49.5	6/25/2008 06:27:20
161	164	44863	23824	997	2009	1	110	16.5	7/2/2008 06:52:42
162	165	49947	4855	6937	1993	2	388	58.2	6/16/2008 06:53:19
163	166	39695	14312	3393	1900	2	372	55.8	3/15/2008 07:00:40
164	166	39695	25641	3393	1913	1	186	27.9	3/28/2008 07:36:02
165	168	8163	8489	1303	1907	1	172	25.8	3/22/2008 07:48:04
166	170	41730	3560	4329	1843	2	306	45.9	1/17/2008 08:03:26
167	171	45642	3331	6239	2073	2	420	63	9/4/2008 08:31:02
168	171	45642	14799	6239	2087	1	210	31.5	9/18/2008 09:02:46
169	173	5546	32972	6730	1998	2	82	12.3	6/21/2008 09:06:48
170	175	7910	5292	4661	1984	2	388	58.2	6/7/2008 09:09:29
171	175	7910	31870	4661	2016	1	194	29.1	7/9/2008 09:10:28
172	176	3941	26282	3097	2174	1	20	3	12/14/2008 09:13:17
173	176	3941	10086	3097	2155	2	40	6	11/25/2008 09:20:09
174	177	3894	16156	6610	2109	2	176	26.4	10/10/2008 09:22:27
175	177	3894	30625	6610	2126	1	88	13.2	10/27/2008 09:37:15
176	178	20825	14799	4576	1931	1	200	30	4/15/2008 09:39:09
177	180	28510	9595	6683	2039	4	356	53.4	8/1/2008 10:04:18
178	181	22001	14799	1953	1896	1	229	34.35	3/11/2008 10:29:01
179	181	22001	3418	1953	1883	2	458	68.7	2/26/2008 10:47:53
180	183	42527	12311	6053	2121	2	404	60.6	10/22/2008 11:01:12
181	183	42527	24674	6053	2136	1	202	30.3	11/6/2008 11:12:07
182	183	42527	15954	6053	2126	3	606	90.9	10/27/2008 11:19:32
183	186	22964	5223	5893	2016	2	84	12.6	7/9/2008 11:22:15
184	188	31422	4946	1626	2031	2	364	54.6	7/24/2008 11:31:06
185	191	32706	2703	6378	2083	2	378	56.7	9/14/2008 11:36:28
186	198	20343	21498	8511	1948	4	296	44.4	5/2/2008 11:46:51
187	199	42587	14171	361	1932	4	136	20.4	4/16/2008 11:53:36
188	200	41470	11681	3638	2089	1	22	3.3	9/20/2008 11:55:05
189	201	42403	1192	3182	2047	3	261	39.15	8/9/2008 12:05:41
190	203	5269	11637	5775	1906	2	168	25.2	3/21/2008 12:10:30
191	203	5269	26331	5775	1924	1	84	12.6	4/8/2008 12:18:54
192	209	24066	20440	5498	2007	4	720	108	6/30/2008 12:20:16
193	209	24066	14623	5498	2000	1	180	27	6/23/2008 12:32:50
194	210	10688	26331	3782	1930	1	144	21.6	4/14/2008 12:57:56
195	213	943	38559	8573	1893	1	41	6.15	3/8/2008 01:17:00
196	213	943	37961	8573	1892	2	82	12.3	3/7/2008 01:19:17
197	213	943	16365	8573	1866	4	164	24.6	2/9/2008 01:19:27
198	214	31484	12268	3272	1895	4	948	142.2	3/10/2008 01:24:42
199	214	31484	38487	3272	1927	1	237	35.55	4/11/2008 02:17:35
200	214	31484	8935	3272	1891	2	474	71.1	3/6/2008 02:18:11
201	216	3139	26593	1131	2161	4	680	102	12/1/2008 02:23:42
202	216	3139	7610	1131	2139	2	340	51	11/9/2008 02:31:04
203	216	3139	41481	1131	2179	1	170	25.5	12/19/2008 02:34:42
204	218	48129	20007	7895	1917	1	82	12.3	4/1/2008 02:34:51
205	218	48129	34290	7895	1934	2	164	24.6	4/18/2008 02:37:22
206	219	24016	18271	2496	2034	2	324	48.6	7/27/2008 02:42:34
207	221	20119	9866	1206	2137	4	860	129	11/7/2008 02:50:35
208	221	20119	11694	1206	2140	2	430	64.5	11/10/2008 02:54:48
209	224	16409	3504	7214	1962	1	109	16.35	5/16/2008 03:10:55
210	226	6662	6634	8372	2166	2	294	44.1	12/6/2008 03:13:23
211	226	6662	14163	8372	2175	1	147	22.05	12/15/2008 03:23:52
212	228	19214	4941	6444	2035	1	112	16.8	7/28/2008 03:27:16
213	228	19214	3286	6444	2033	2	224	33.6	7/26/2008 03:44:23
214	230	44569	12812	3057	2027	3	660	99	7/20/2008 03:50:18
215	230	44569	17619	3057	2033	1	220	33	7/26/2008 03:56:54
216	231	21568	17619	1077	2112	1	229	34.35	10/13/2008 04:05:32
217	231	21568	29454	1077	2126	3	687	103.05	10/27/2008 04:06:15
218	231	21568	41178	1077	2140	2	458	68.7	11/10/2008 04:12:53
219	233	22351	12148	5174	1957	4	972	145.8	5/11/2008 04:32:10
220	233	22351	14163	5174	1959	1	243	36.45	5/13/2008 05:00:49
221	233	22351	18855	5174	1965	2	486	72.9	5/19/2008 05:16:13
222	235	37928	23125	1184	1972	2	382	57.3	5/26/2008 05:18:11
223	235	37928	40377	1184	1993	1	191	28.65	6/16/2008 05:21:44
224	236	10049	14269	6959	2027	4	104	15.6	7/20/2008 05:40:23
225	236	10049	5204	6959	2016	2	52	7.8	7/9/2008 05:41:06
226	236	10049	2455	6959	2012	3	78	11.7	7/5/2008 05:41:31
227	237	9011	17619	2969	2162	1	48	7.2	12/2/2008 05:43:44
228	237	9011	30922	2969	2178	3	144	21.6	12/18/2008 05:48:52
229	237	9011	14120	2969	2157	2	96	14.4	11/27/2008 05:50:13
230	238	8356	4892	6052	1867	2	450	67.5	2/10/2008 05:53:17
231	238	8356	24628	6052	1891	4	900	135	3/6/2008 06:05:02
232	239	3636	40599	2113	1893	2	500	75	3/8/2008 06:08:25
233	240	36398	8481	5987	2098	1	56	8.4	9/29/2008 06:12:10
234	241	8525	69	3172	2048	2	318	47.7	8/10/2008 06:47:35
235	242	25271	4855	7669	1877	2	444	66.6	2/20/2008 06:56:19
236	243	48913	3487	7902	2113	1	160	24	10/14/2008 07:04:25
237	246	145	3487	5172	1968	1	70	10.5	5/22/2008 07:12:50
238	249	14209	3331	3525	1925	2	56	8.4	4/9/2008 07:13:13
239	249	14209	3487	3525	1926	1	28	4.2	4/10/2008 07:17:29
240	251	13735	655	974	1918	4	648	97.2	4/2/2008 07:25:02
241	252	404	11272	490	1919	1	203	30.45	4/3/2008 07:32:33
242	255	26193	26294	7143	1859	1	56	8.4	2/2/2008 07:42:32
243	255	26193	25619	7143	1858	4	224	33.6	2/1/2008 07:48:47
244	257	7181	8879	2249	1961	3	366	54.9	5/15/2008 07:53:27
245	257	7181	32956	2249	1990	4	488	73.2	6/13/2008 08:05:23
246	257	7181	5292	2249	1957	2	244	36.6	5/11/2008 09:00:17
247	258	31810	32972	7118	1989	2	286	42.9	6/12/2008 09:02:28
248	258	31810	26294	7118	1981	1	143	21.45	6/4/2008 09:17:58
249	259	38464	4302	6885	2159	1	127	19.05	11/29/2008 09:31:11
250	260	12976	220	8101	1889	2	250	37.5	3/4/2008 09:33:00
251	261	29946	26294	3038	2102	1	26	3.9	10/3/2008 09:33:03
252	262	46920	4302	6794	2040	1	87	13.05	8/2/2008 09:53:32
253	262	46920	16156	6794	2054	2	174	26.1	8/16/2008 09:55:36
254	262	46920	39132	6794	2081	4	348	52.2	9/12/2008 10:00:44
255	263	381	9609	8343	1901	1	179	26.85	3/16/2008 10:11:41
256	263	381	18225	8343	1911	4	716	107.4	3/26/2008 10:22:09
257	263	381	22881	8343	1917	2	358	53.7	4/1/2008 10:33:28
258	265	11982	12311	5932	1890	2	132	19.8	3/5/2008 11:12:28
259	265	11982	4302	5932	1881	1	66	9.9	2/24/2008 11:25:02
260	267	23965	7079	4288	2135	2	270	40.5	11/5/2008 11:27:05
261	267	23965	25341	4288	2157	4	540	81	11/27/2008 11:32:21
262	268	17856	10533	2492	2072	2	242	36.3	9/3/2008 11:47:53
263	269	48328	2703	5801	1992	2	266	39.9	6/15/2008 12:42:00
264	269	48328	28873	5801	2023	4	532	79.8	7/16/2008 01:01:06
265	269	48328	9609	5801	2000	1	133	19.95	6/23/2008 01:10:57
266	270	8786	9609	6141	1874	1	116	17.4	2/17/2008 01:11:31
267	270	8786	3418	6141	1867	2	232	34.8	2/10/2008 01:15:55
268	271	8051	1442	1861	2101	4	928	139.2	10/2/2008 01:30:54
269	274	38077	33154	7773	1890	1	70	10.5	3/5/2008 01:33:45
270	274	38077	11426	7773	1864	2	140	21	2/7/2008 01:42:15
271	276	30941	854	7871	1999	4	512	76.8	6/22/2008 01:49:02
272	276	30941	43904	7871	2050	1	128	19.2	8/12/2008 02:11:56
273	276	30941	23491	7871	2026	2	256	38.4	7/19/2008 02:21:42
274	278	4616	20440	5893	2016	4	744	111.6	7/9/2008 02:29:16
275	279	36040	10853	7093	2065	2	278	41.7	8/27/2008 02:34:01
276	280	41126	17209	6685	2074	1	81	12.15	9/5/2008 02:53:13
277	280	41126	23868	6685	2082	2	162	24.3	9/13/2008 02:53:31
278	281	43774	33154	4491	2170	1	209	31.35	12/10/2008 02:58:07
279	282	14585	17441	7266	1875	1	73	10.95	2/18/2008 03:06:31
280	282	14585	13050	7266	1870	2	146	21.9	2/13/2008 03:09:56
281	283	18230	26553	602	2140	4	600	90	11/10/2008 03:12:32
282	283	18230	31106	602	2146	2	300	45	11/16/2008 03:14:29
283	283	18230	17441	602	2129	1	150	22.5	10/30/2008 03:16:28
284	286	34764	3208	4443	2143	1	228	34.2	11/13/2008 03:41:29
285	288	3970	40736	4166	2118	1	221	33.15	10/19/2008 03:51:59
286	289	7484	11637	8317	2122	2	300	45	10/23/2008 03:52:47
287	290	12099	1001	332	2102	1	67	10.05	10/3/2008 03:54:06
288	292	22685	122	6427	2091	2	492	73.8	9/22/2008 04:01:00
289	292	22685	32950	6427	2130	1	246	36.9	10/31/2008 04:06:39
290	293	2768	17441	7156	2073	1	67	10.05	9/4/2008 04:19:55
291	293	2768	22104	7156	2079	2	134	20.1	9/10/2008 04:36:53
292	294	36013	16365	6130	2055	4	596	89.4	8/17/2008 04:38:23
293	296	33133	1816	7506	2040	1	182	27.3	8/2/2008 04:38:34
294	299	48972	3208	2682	2041	1	35	5.25	8/3/2008 04:40:15
295	299	48972	10661	2682	2050	2	70	10.5	8/12/2008 04:52:50
296	300	47991	12871	6666	2022	1	99	14.85	7/15/2008 05:22:13
297	302	15038	9866	3757	2044	4	572	85.8	8/6/2008 05:22:47
298	302	15038	3155	3757	2036	1	143	21.45	7/29/2008 05:26:56
299	302	15038	11694	3757	2047	2	286	42.9	8/9/2008 05:35:58
300	303	15696	1001	7110	2042	1	34	5.1	8/4/2008 05:44:02
301	304	41138	12866	552	1915	4	528	79.2	3/30/2008 05:46:53
302	304	41138	8880	552	1910	2	264	39.6	3/25/2008 06:04:58
303	306	28088	12148	4081	2102	4	376	56.4	10/3/2008 06:20:47
304	308	6829	2326	6617	1900	2	350	52.5	3/15/2008 06:20:59
305	308	6829	31291	6617	1935	1	175	26.25	4/19/2008 06:24:59
306	308	6829	6276	6617	1905	4	700	105	3/20/2008 06:41:33
307	309	16496	18568	3933	2089	2	98	14.7	9/20/2008 07:01:36
308	309	16496	3208	3933	2070	1	49	7.35	9/1/2008 07:37:48
309	309	16496	11507	3933	2080	3	147	22.05	9/11/2008 07:38:23
310	309	16496	19901	3933	2090	4	196	29.4	9/21/2008 07:41:26
311	312	12828	314	567	1889	4	644	96.6	3/4/2008 07:42:45
312	314	2302	18855	7252	1988	2	258	38.7	6/11/2008 07:55:34
313	314	2302	11912	7252	1980	1	129	19.35	6/3/2008 08:05:58
314	315	38820	3155	311	2132	1	158	23.7	11/2/2008 08:07:59
315	315	38820	7360	311	2137	4	632	94.8	11/7/2008 08:12:34
316	315	38820	13961	311	2145	2	316	47.4	11/15/2008 08:17:29
317	316	803	45802	8544	1971	2	266	39.9	5/25/2008 08:41:27
318	316	803	15405	8544	1935	1	133	19.95	4/19/2008 08:52:03
319	317	26488	15272	8178	2034	4	812	121.8	7/27/2008 09:14:44
320	317	26488	1001	8178	2017	1	203	30.45	7/10/2008 09:33:13
321	318	42091	14120	7514	1880	2	428	64.2	2/23/2008 09:36:21
322	319	44828	24780	1304	2074	2	320	48	9/5/2008 09:50:15
323	319	44828	31616	1304	2082	4	640	96	9/13/2008 09:56:40
324	319	44828	11912	1304	2059	1	160	24	8/21/2008 10:04:17
325	321	44084	41360	1237	1893	4	792	118.8	3/8/2008 10:09:33
326	321	44084	22880	1237	1871	1	198	29.7	2/14/2008 10:10:06
327	321	44084	41178	1237	1893	2	396	59.4	3/8/2008 10:10:23
328	328	8489	9899	3552	1854	1	181	27.15	1/28/2008 10:13:32
329	329	9502	23125	3158	1868	2	82	12.3	2/11/2008 10:13:34
330	329	9502	3155	3158	1844	1	41	6.15	1/18/2008 10:28:08
331	331	24276	4104	5518	1892	2	432	64.8	3/7/2008 10:30:35
332	333	4994	11912	7044	2116	1	110	16.5	10/17/2008 10:37:30
333	333	4994	40599	7044	2150	2	220	33	11/20/2008 10:45:19
334	335	5670	28110	3957	2127	2	472	70.8	10/28/2008 10:53:55
335	335	5670	42536	3957	2145	1	236	35.4	11/15/2008 10:54:06
336	338	1368	69	2150	2023	2	220	33	7/16/2008 11:20:25
337	338	1368	42536	2150	2074	1	110	16.5	9/5/2008 11:22:01
338	341	402	45100	8199	2137	1	48	7.2	11/7/2008 11:29:03
339	341	402	39281	8199	2130	2	96	14.4	10/31/2008 11:32:33
340	342	11300	13331	303	2147	1	149	22.35	11/17/2008 11:37:14
341	343	16451	32974	2064	1915	2	402	60.3	3/30/2008 11:58:06
342	343	16451	13331	2064	1891	1	201	30.15	3/6/2008 12:06:14
343	344	5257	5486	1091	2097	1	182	27.3	9/28/2008 12:20:49
344	346	4766	26982	4843	2050	1	139	20.85	8/12/2008 12:27:35
345	346	4766	3331	4843	2021	2	278	41.7	7/14/2008 12:31:38
346	347	18512	26982	2925	1966	1	80	12	5/20/2008 12:35:44
347	347	18512	43288	2925	1985	2	160	24	6/8/2008 12:43:01
348	348	42011	6445	2218	2032	2	124	18.6	7/25/2008 12:46:24
349	349	34039	35587	4417	2003	2	486	72.9	6/26/2008 01:07:26
350	349	34039	13331	4417	1976	1	243	36.45	5/30/2008 01:10:44
351	350	6239	5292	4612	2024	2	322	48.3	7/17/2008 01:15:28
352	350	6239	18756	4612	2040	1	161	24.15	8/2/2008 01:26:00
353	351	36019	10332	2718	1918	3	63	9.45	4/2/2008 01:30:03
354	351	36019	18756	2718	1928	1	21	3.15	4/12/2008 01:34:48
355	352	45893	39104	6685	2080	1	238	35.7	9/11/2008 01:49:50
356	352	45893	31739	6685	2072	4	952	142.8	9/3/2008 01:57:38
357	352	45893	23179	6685	2061	2	476	71.4	8/23/2008 02:01:47
358	353	13386	22881	8500	2106	2	308	46.2	10/7/2008 02:04:47
359	353	13386	26982	8500	2111	1	154	23.1	10/12/2008 02:06:08
360	354	42751	38004	2031	2135	1	213	31.95	11/5/2008 02:07:24
361	354	42751	39184	2031	2137	2	426	63.9	11/7/2008 02:15:17
362	355	34852	25288	6387	1893	4	392	58.8	3/8/2008 02:23:33
363	357	38435	18756	1439	2022	1	175	26.25	7/15/2008 02:27:10
364	358	30041	12311	1464	2122	2	96	14.4	10/23/2008 02:41:53
365	358	30041	28873	1464	2142	4	192	28.8	11/12/2008 02:42:30
366	358	30041	25621	1464	2138	1	48	7.2	11/8/2008 03:04:49
367	359	32096	31102	878	1867	2	366	54.9	2/10/2008 03:11:41
368	361	36225	7079	7857	2139	2	396	59.4	11/9/2008 03:12:00
369	364	30532	21976	5303	1882	2	40	6	2/25/2008 03:19:54
370	364	30532	10016	5303	1868	1	20	3	2/11/2008 03:20:08
371	366	38035	2703	7099	1903	2	380	57	3/18/2008 03:22:57
372	367	13407	33379	4359	2101	1	227	34.05	10/2/2008 03:29:30
373	368	2522	2956	1379	2095	2	296	44.4	9/26/2008 03:39:07
374	368	2522	20055	1379	2116	1	148	22.2	10/17/2008 04:11:16
375	373	1863	25621	8652	2030	1	239	35.85	7/23/2008 04:12:07
376	373	1863	10853	8652	2013	2	478	71.7	7/6/2008 04:25:12
377	373	1863	43141	8652	2051	4	956	143.4	8/13/2008 04:25:53
378	374	2001	1964	1893	2110	1	109	16.35	10/11/2008 04:27:08
379	374	2001	37803	1893	2153	2	218	32.7	11/23/2008 04:40:34
380	375	17841	26574	1887	2047	1	39	5.85	8/9/2008 04:42:09
381	375	17841	34724	1887	2057	3	117	17.55	8/19/2008 04:46:37
382	381	13100	26574	5128	2050	1	79	11.85	8/12/2008 04:54:16
383	383	46799	3217	3423	1951	2	80	12	5/5/2008 04:57:07
384	383	46799	1964	3423	1950	1	40	6	5/4/2008 05:00:03
385	385	26053	1964	3945	1971	1	62	9.3	5/25/2008 05:13:42
386	385	26053	10661	3945	1981	2	124	18.6	6/4/2008 05:20:52
387	387	46108	21877	8498	2121	1	204	30.6	10/22/2008 05:27:54
388	388	21750	7902	7161	2039	2	316	47.4	8/1/2008 06:01:59
389	389	15980	6554	2833	2136	4	616	92.4	11/6/2008 06:27:09
390	390	42100	11637	2145	1897	2	250	37.5	3/12/2008 06:27:39
391	393	22222	27614	7899	1953	2	170	25.5	5/7/2008 06:36:16
392	395	48416	15595	491	2048	2	228	34.2	8/10/2008 06:41:51
393	395	48416	46530	491	2085	1	114	17.1	9/16/2008 06:47:04
394	399	20832	36039	6848	2109	1	79	11.85	10/10/2008 06:48:09
395	399	20832	15739	6848	2084	4	316	47.4	9/15/2008 07:00:17
396	399	20832	9703	6848	2077	3	237	35.55	9/8/2008 07:09:58
397	399	20832	21785	6848	2092	2	158	23.7	9/23/2008 07:10:12
398	400	43277	36977	8033	1980	2	74	11.1	6/3/2008 07:17:31
399	400	43277	19141	8033	1958	1	37	5.55	5/12/2008 07:31:34
400	402	17144	22594	7163	1925	2	130	19.5	4/9/2008 08:04:08
401	402	17144	21386	7163	1923	4	260	39	4/7/2008 08:09:41
402	402	17144	13022	7163	1913	1	65	9.75	3/28/2008 08:11:04
403	404	38104	15085	1335	1930	1	161	24.15	4/14/2008 08:15:35
404	404	38104	23450	1335	1940	4	644	96.6	4/24/2008 08:25:24
405	404	38104	25052	1335	1942	2	322	48.3	4/26/2008 08:38:31
406	404	38104	8907	1335	1922	5	805	120.75	4/6/2008 08:39:57
407	405	41902	2626	7006	2020	1	216	32.4	7/13/2008 08:43:38
408	405	41902	19472	7006	2040	2	432	64.8	8/2/2008 08:58:58
409	406	21601	37631	6707	1969	2	298	44.7	5/23/2008 09:03:08
410	407	25039	20059	8713	2131	2	422	63.3	11/1/2008 09:04:20
411	409	12225	38240	3655	1997	2	168	25.2	6/20/2008 09:05:10
412	409	12225	26072	3655	1983	1	84	12.6	6/6/2008 09:10:52
413	411	2398	2635	3463	1854	4	604	90.6	1/28/2008 09:20:53
414	416	11028	6584	4965	1919	1	91	13.65	4/3/2008 09:21:07
415	416	11028	27744	4965	1945	4	364	54.6	4/29/2008 09:24:25
416	416	11028	32905	4965	1951	2	182	27.3	5/5/2008 09:37:11
417	417	42432	20237	1144	1919	2	98	14.7	4/3/2008 09:42:49
418	419	44341	13358	2560	2123	2	318	47.7	10/24/2008 09:48:31
419	421	6579	31867	564	2031	2	486	72.9	7/24/2008 09:49:56
420	421	6579	8809	564	2003	1	243	36.45	6/26/2008 09:51:16
421	423	2128	15750	8299	2045	2	66	9.9	8/7/2008 10:03:09
422	424	10584	2575	8519	2051	1	61	9.15	8/13/2008 10:06:05
423	425	15188	12001	7215	1905	1	172	25.8	3/20/2008 10:25:14
424	425	15188	48037	7215	1948	4	688	103.2	5/2/2008 10:25:59
425	425	15188	26131	7215	1922	2	344	51.6	4/6/2008 10:29:25
426	427	14426	9876	2808	1945	1	211	31.65	4/29/2008 10:31:33
427	430	46248	5563	5678	1884	1	219	32.85	2/27/2008 10:33:04
428	431	13808	16758	8429	1862	1	179	26.85	2/5/2008 10:36:34
429	433	15453	38290	6496	1961	2	98	14.7	5/15/2008 10:41:16
430	433	15453	36624	6496	1959	1	49	7.35	5/13/2008 10:54:09
431	433	15453	11415	6496	1929	3	147	22.05	4/13/2008 11:14:48
432	433	15453	8806	6496	1926	4	196	29.4	4/10/2008 11:20:30
433	434	30365	18076	1176	2069	1	106	15.9	8/31/2008 11:23:51
434	434	30365	9046	1176	2058	2	212	31.8	8/20/2008 11:36:10
435	435	4198	44459	4997	1973	2	44	6.6	5/27/2008 11:56:30
436	435	4198	38403	4997	1966	1	22	3.3	5/20/2008 12:06:58
437	436	31960	2671	7919	2039	1	22	3.3	8/1/2008 12:21:23
438	437	15394	17252	333	1907	4	464	69.6	3/22/2008 12:52:09
439	437	15394	49608	333	1946	2	232	34.8	4/30/2008 12:52:31
440	437	15394	32821	333	1926	1	116	17.4	4/10/2008 12:56:03
441	438	38984	28828	6343	2006	1	225	33.75	6/29/2008 12:57:38
442	438	38984	27535	6343	2005	2	450	67.5	6/28/2008 01:08:47
443	439	24900	1993	6766	2056	2	304	45.6	8/18/2008 01:09:01
444	439	24900	14083	6766	2070	4	608	91.2	9/1/2008 01:26:49
445	439	24900	13886	6766	2070	1	152	22.8	9/1/2008 01:30:29
446	442	35232	6014	6935	1923	2	484	72.6	4/7/2008 01:41:43
447	443	14217	15912	1393	1925	2	402	60.3	4/9/2008 01:42:19
448	447	28691	27692	2708	2133	1	161	24.15	11/3/2008 01:43:31
449	448	22214	30888	3645	1988	2	380	57	6/11/2008 01:43:44
450	448	22214	34596	3645	1992	1	190	28.5	6/15/2008 01:45:04
451	449	43002	1804	8492	1940	2	384	57.6	4/24/2008 01:49:36
452	452	30509	5439	8355	2093	2	148	22.2	9/24/2008 01:50:40
453	452	30509	22123	8355	2113	1	74	11.1	10/14/2008 01:58:47
454	453	49898	6510	3733	1871	2	178	26.7	2/14/2008 02:07:43
455	453	49898	37978	3733	1909	1	89	13.35	3/24/2008 02:37:36
456	454	33066	4682	4379	1901	2	60	9	3/16/2008 02:38:22
457	455	13606	24522	7489	1960	2	266	39.9	5/14/2008 02:44:45
458	457	6496	10920	6953	1894	2	60	9	3/9/2008 02:47:27
459	457	6496	4673	6953	1886	1	30	4.5	3/1/2008 02:50:52
460	463	43440	3132	5848	2076	3	405	60.75	9/7/2008 02:51:53
461	463	43440	11226	5848	2086	4	540	81	9/17/2008 02:52:30
462	464	16755	5955	846	2107	1	126	18.9	10/8/2008 02:54:57
463	464	16755	23646	846	2128	4	504	75.6	10/29/2008 03:02:02
464	465	48232	8504	7867	1982	2	50	7.5	6/5/2008 03:03:12
465	465	48232	23438	7867	2000	3	75	11.25	6/23/2008 03:08:26
466	465	48232	26005	7867	2003	1	25	3.75	6/26/2008 03:15:02
467	468	42137	29475	7978	2096	1	243	36.45	9/27/2008 03:15:44
468	468	42137	43344	7978	2113	4	972	145.8	10/14/2008 03:27:18
469	468	42137	13656	7978	2077	2	486	72.9	9/8/2008 03:32:37
470	469	25998	5182	6504	1941	4	344	51.6	4/25/2008 03:43:13
471	469	25998	3911	6504	1939	1	86	12.9	4/23/2008 03:53:17
472	470	17365	14416	3864	1970	1	215	32.25	5/24/2008 03:59:35
473	470	17365	10216	3864	1965	2	430	64.5	5/19/2008 04:10:57
474	471	36952	16891	4729	1935	3	597	89.55	4/19/2008 04:11:15
475	471	36952	38240	4729	1960	2	398	59.7	5/14/2008 04:12:47
476	472	13395	16215	6584	1914	2	318	47.7	3/29/2008 04:16:10
477	472	13395	28925	6584	1929	1	159	23.85	4/13/2008 04:23:57
478	472	13395	30977	6584	1932	4	636	95.4	4/16/2008 04:26:27
479	473	1142	3495	6831	2019	1	236	35.4	7/12/2008 04:29:41
480	473	1142	18655	6831	2037	2	472	70.8	7/30/2008 04:41:20
481	473	1142	18742	6831	2037	4	944	141.6	7/30/2008 04:43:03
482	477	20033	10231	3269	2023	1	156	23.4	7/16/2008 04:58:47
483	480	17096	26489	4688	1957	1	76	11.4	5/11/2008 05:00:25
484	480	17096	34296	4688	1967	3	228	34.2	5/21/2008 05:04:06
485	483	11556	3421	5156	1831	4	188	28.2	1/5/2008 05:17:38
486	484	39153	4622	4582	2019	2	484	72.6	7/12/2008 05:26:04
487	488	45410	18092	5257	1996	1	100	15	6/19/2008 05:31:54
488	488	45410	15086	5257	1993	2	200	30	6/16/2008 05:38:07
489	489	718	15362	3285	2041	8	496	74.4	8/3/2008 05:48:55
490	491	25610	30342	1853	1922	1	224	33.6	4/6/2008 05:50:02
491	491	25610	48249	1853	1943	2	448	67.2	4/27/2008 06:03:27
492	493	29029	7877	8059	2184	3	678	101.7	12/24/2008 06:12:06
493	495	40582	815	4044	1925	1	29	4.35	4/9/2008 06:22:39
494	496	31786	3865	5031	2049	4	124	18.6	8/11/2008 06:23:07
495	497	17589	469	5970	2075	4	276	41.4	9/6/2008 06:35:59
496	500	32297	3710	7787	1844	2	214	32.1	1/18/2008 06:38:42
497	500	32297	28557	7787	1874	4	428	64.2	2/17/2008 06:39:01
498	500	32297	15211	7787	1858	1	107	16.05	2/1/2008 06:39:44
499	503	26508	12142	2170	2150	1	80	12	11/20/2008 06:49:33
500	504	3858	2123	5871	2052	2	340	51	8/14/2008 06:50:23
501	504	3858	11773	5871	2064	3	510	76.5	8/26/2008 06:55:32
502	504	3858	9547	5871	2061	4	680	102	8/23/2008 06:57:40
503	506	19561	179	8262	2180	1	132	19.8	12/20/2008 07:18:59
504	506	19561	1464	8262	2181	4	528	79.2	12/21/2008 07:19:36
505	509	39445	5873	6802	1955	2	326	48.9	5/9/2008 07:25:38
506	510	36979	8047	2745	2142	2	410	61.5	11/12/2008 07:47:24
507	511	46104	6860	2776	1882	1	80	12	2/25/2008 07:52:05
508	512	23069	23824	3731	1997	1	225	33.75	6/20/2008 07:52:10
509	512	23069	27609	3731	2002	4	900	135	6/25/2008 07:57:49
510	512	23069	7217	3731	1977	2	450	67.5	5/31/2008 07:58:51
511	516	4567	8489	5196	1918	1	228	34.2	4/2/2008 08:39:30
512	516	4567	6314	5196	1915	2	456	68.4	3/30/2008 08:41:58
513	517	29844	1493	8294	1951	2	178	26.7	5/5/2008 08:46:12
514	517	29844	2597	8294	1953	1	89	13.35	5/7/2008 08:48:52
515	518	40977	22798	8061	2096	4	376	56.4	9/27/2008 08:51:15
516	518	40977	16570	8061	2088	1	94	14.1	9/19/2008 08:51:54
517	519	41472	7833	1576	1976	1	71	10.65	5/30/2008 09:00:30
518	523	25368	20043	7153	1934	1	114	17.1	4/18/2008 09:07:05
519	525	15304	7889	4924	1854	1	124	18.6	1/28/2008 09:11:54
520	525	15304	7888	4924	1854	2	248	37.2	1/28/2008 09:12:17
521	526	22473	9408	2101	2151	1	35	5.25	11/21/2008 09:13:41
522	527	38639	6488	6301	1922	1	244	36.6	4/6/2008 09:14:50
523	527	38639	1554	6301	1916	3	732	109.8	3/31/2008 09:16:03
524	527	38639	1804	6301	1917	2	488	73.2	4/1/2008 09:16:08
525	530	29500	9831	3842	2030	2	294	44.1	7/23/2008 09:17:11
526	531	41231	5440	6478	2136	1	100	15	11/6/2008 09:22:15
527	531	41231	6510	6478	2137	2	200	30	11/7/2008 09:22:28
528	532	12532	1817	1623	1918	2	218	32.7	4/2/2008 09:44:28
529	532	12532	30480	1623	1952	1	109	16.35	5/6/2008 09:44:54
530	532	12532	39305	1623	1963	3	327	49.05	5/17/2008 09:45:30
531	534	45361	25624	1442	1993	2	328	49.2	6/16/2008 09:50:46
532	535	9537	19172	5911	2012	3	570	85.5	7/5/2008 10:06:59
533	535	9537	10920	5911	2002	2	380	57	6/25/2008 10:09:52
534	537	43782	10214	6510	1870	1	149	22.35	2/13/2008 10:11:19
535	537	43782	2408	6510	1860	4	596	89.4	2/3/2008 10:14:28
536	537	43782	21623	6510	1883	2	298	44.7	2/26/2008 10:44:29
537	538	30986	2584	1222	1917	2	260	39	4/1/2008 10:51:56
538	539	18845	15517	8080	2051	3	222	33.3	8/13/2008 10:55:25
539	539	18845	10911	8080	2046	1	74	11.1	8/8/2008 10:58:59
540	544	7990	30425	1353	2156	2	156	23.4	11/26/2008 11:01:41
541	544	7990	30939	1353	2157	1	78	11.7	11/27/2008 11:10:46
542	547	1386	8504	1041	1896	2	74	11.1	3/11/2008 11:47:07
543	551	45128	33337	742	2067	2	292	43.8	8/29/2008 11:54:37
544	551	45128	41946	742	2077	1	146	21.9	9/8/2008 12:08:04
545	551	45128	16078	742	2046	4	584	87.6	8/8/2008 12:12:54
546	552	43567	11681	4336	2002	1	31	4.65	6/25/2008 12:17:05
547	552	43567	13994	4336	2004	4	124	18.6	6/27/2008 12:18:17
548	552	43567	13128	4336	2003	2	62	9.3	6/26/2008 12:22:18
549	556	10169	26875	4569	2046	6	1098	164.7	8/8/2008 12:27:44
550	556	10169	7941	4569	2023	2	366	54.9	7/16/2008 12:29:01
551	557	5732	20081	2724	2076	2	164	24.6	9/7/2008 12:53:18
552	557	5732	31620	2724	2089	4	328	49.2	9/20/2008 01:03:48
553	558	41018	6056	654	1855	1	212	31.8	1/29/2008 01:13:31
554	558	41018	13075	654	1863	2	424	63.6	2/6/2008 01:25:19
555	560	33136	3504	8290	1952	1	105	15.75	5/6/2008 01:26:49
556	560	33136	11219	8290	1961	2	210	31.5	5/15/2008 01:28:22
557	560	33136	21335	8290	1973	3	315	47.25	5/27/2008 01:44:23
558	562	19717	4223	1096	1850	2	256	38.4	1/24/2008 01:47:48
559	563	19232	24460	5281	2157	2	390	58.5	11/27/2008 01:49:45
560	563	19232	14799	5281	2145	1	195	29.25	11/15/2008 01:53:09
561	564	37406	4941	1731	1957	1	145	21.75	5/11/2008 01:57:05
562	566	8167	34282	4674	2070	1	213	31.95	9/1/2008 02:04:08
563	567	13831	4429	1855	2088	3	246	36.9	9/19/2008 02:05:58
564	567	13831	31870	1855	2121	1	82	12.3	10/22/2008 02:24:26
565	567	13831	30544	1855	2119	2	164	24.6	10/20/2008 02:29:39
566	569	42043	1932	1805	1849	4	308	46.2	1/23/2008 02:41:24
567	573	21243	2703	1086	1859	1	24	3.6	2/2/2008 02:44:00
568	573	21243	25205	1086	1886	4	96	14.4	3/1/2008 02:46:19
569	576	43103	8481	2221	1855	1	24	3.6	1/29/2008 02:56:33
570	577	40956	46	3623	1893	2	90	13.5	3/8/2008 03:04:47
571	578	23902	1065	4722	1957	3	651	97.65	5/11/2008 03:05:37
572	578	23902	70	4722	1956	2	434	65.1	5/10/2008 03:09:23
573	578	23902	39162	4722	2003	4	868	130.2	6/26/2008 03:12:28
574	579	38118	24674	2740	2031	1	119	17.85	7/24/2008 03:35:12
575	580	9216	24081	3782	1946	1	74	11.1	4/30/2008 03:37:06
576	581	20536	3616	230	1919	1	212	31.8	4/3/2008 03:40:20
577	584	17501	16690	1945	2024	4	636	95.4	7/17/2008 03:43:36
578	584	17501	21012	1945	2029	2	318	47.7	7/22/2008 03:49:55
579	584	17501	11272	1945	2017	1	159	23.85	7/10/2008 03:59:58
580	589	43474	209	3196	1925	1	69	10.35	4/9/2008 04:04:55
581	589	43474	17510	3196	1946	2	138	20.7	4/30/2008 04:09:18
582	589	43474	23835	3196	1953	4	276	41.4	5/7/2008 04:18:50
583	591	35917	1493	8443	1944	2	308	46.2	4/28/2008 04:37:39
584	591	35917	14623	8443	1960	1	154	23.1	5/14/2008 04:40:25
585	593	5298	14379	1631	2070	4	900	135	9/1/2008 04:41:05
586	593	5298	20688	1631	2077	3	675	101.25	9/8/2008 04:53:49
587	593	5298	19517	1631	2076	2	450	67.5	9/7/2008 05:02:11
588	596	27328	14538	4707	2135	1	34	5.1	11/5/2008 05:06:14
589	596	27328	23309	4707	2145	2	68	10.2	11/15/2008 05:14:54
590	596	27328	21900	4707	2144	3	102	15.3	11/14/2008 05:32:06
591	597	4168	3181	8131	2039	4	844	126.6	8/1/2008 05:38:55
592	599	18243	7888	7218	1960	2	366	54.9	5/14/2008 05:41:47
593	601	40565	9017	4976	1866	1	84	12.6	2/9/2008 05:53:12
594	601	40565	7898	4976	1865	4	336	50.4	2/8/2008 06:02:58
595	604	20192	3928	2044	2122	2	364	54.6	10/23/2008 06:06:29
596	604	20192	705	2044	2118	3	546	81.9	10/19/2008 06:07:26
597	604	20192	17856	2044	2139	1	182	27.3	11/9/2008 06:12:29
598	606	23823	15745	5033	2000	3	171	25.65	6/23/2008 06:13:14
599	606	23823	10175	5033	1994	1	57	8.55	6/17/2008 06:13:28
600	606	23823	26925	5033	2014	2	114	17.1	7/7/2008 06:15:27
601	609	42755	8155	7745	2109	1	54	8.1	10/10/2008 06:19:43
602	609	42755	1396	7745	2101	2	108	16.2	10/2/2008 06:29:31
603	610	29755	11252	4274	1958	3	276	41.4	5/12/2008 06:31:23
604	611	43260	20081	1006	2136	2	386	57.9	11/6/2008 06:44:44
605	612	2460	16566	5399	2125	2	464	69.6	10/26/2008 06:48:34
606	612	2460	17209	5399	2126	1	232	34.8	10/27/2008 07:07:21
607	614	25339	12134	770	1841	2	472	70.8	1/15/2008 07:15:13
608	614	25339	39674	770	1874	1	236	35.4	2/17/2008 07:26:34
609	618	48778	22130	1860	1911	4	512	76.8	3/26/2008 07:30:24
610	618	48778	27396	1860	1917	1	128	19.2	4/1/2008 07:34:49
611	619	36053	2358	2150	2062	2	192	28.8	8/24/2008 07:37:29
612	620	42327	25617	1285	2092	2	120	18	9/23/2008 07:47:05
613	621	13500	20833	5178	1990	4	504	75.6	6/13/2008 07:55:52
614	623	30111	44566	7231	1892	1	153	22.95	3/7/2008 08:04:01
615	623	30111	23616	7231	1867	2	306	45.9	2/10/2008 08:15:04
616	624	17095	5643	5309	1849	4	448	67.2	1/23/2008 08:19:34
617	627	36284	6084	2906	1861	4	768	115.2	2/4/2008 08:27:19
618	627	36284	14163	2906	1870	1	192	28.8	2/13/2008 08:38:08
619	627	36284	35992	2906	1897	2	384	57.6	3/12/2008 08:47:12
620	628	9363	1816	3154	2146	1	182	27.3	11/16/2008 08:52:21
621	629	34057	12152	1543	1919	2	136	20.4	4/3/2008 09:01:06
622	629	34057	17951	1543	1926	1	68	10.2	4/10/2008 09:09:45
623	631	9621	46	13	2103	2	40	6	10/4/2008 09:13:11
624	631	9621	17619	13	2124	1	20	3	10/25/2008 09:13:40
625	632	4333	3989	5239	1891	4	104	15.6	3/6/2008 09:14:06
626	632	4333	12871	5239	1902	1	26	3.9	3/17/2008 09:23:24
627	636	20564	1640	4240	1953	4	92	13.8	5/7/2008 09:27:07
628	636	20564	16639	4240	1971	2	46	6.9	5/25/2008 09:38:00
629	638	23075	724	6674	2086	2	468	70.2	9/17/2008 09:40:09
630	638	23075	20532	6674	2110	3	702	105.3	10/11/2008 09:40:43
631	641	40387	27618	6191	2007	1	108	16.2	6/30/2008 09:59:38
632	642	39527	9422	7409	2031	2	496	74.4	7/24/2008 10:00:35
633	642	39527	12935	7409	2035	4	992	148.8	7/28/2008 10:04:46
634	647	40576	17510	3674	1860	2	466	69.9	2/3/2008 10:07:42
635	648	48673	4119	3518	2025	2	44	6.6	7/18/2008 10:09:08
636	649	45192	8681	3313	1843	3	456	68.4	1/17/2008 10:23:30
637	649	45192	28965	3313	1867	1	152	22.8	2/10/2008 10:32:27
638	651	46608	19517	946	2064	2	466	69.9	8/26/2008 10:37:14
639	651	46608	3487	946	2045	1	233	34.95	8/7/2008 10:43:33
640	653	43574	1348	6575	2021	4	256	38.4	7/14/2008 11:03:40
641	654	4360	28804	3420	2170	1	64	9.6	12/10/2008 11:05:04
642	654	4360	18356	3420	2158	3	192	28.8	11/28/2008 11:12:25
643	654	4360	5406	3420	2142	2	128	19.2	11/12/2008 11:17:10
644	656	44777	15743	7525	1942	2	168	25.2	4/26/2008 11:18:26
645	656	44777	17411	7525	1944	4	336	50.4	4/28/2008 11:24:54
646	656	44777	41796	7525	1974	1	84	12.6	5/28/2008 11:27:32
647	657	43640	34362	1148	1951	1	104	15.6	5/5/2008 11:28:42
648	661	47672	4981	4444	1983	1	58	8.7	6/6/2008 11:29:06
649	662	47015	13693	1911	2018	1	195	29.25	7/11/2008 11:29:12
650	662	47015	28207	1911	2035	4	780	117	7/28/2008 11:48:04
651	664	36539	15405	7514	1857	1	105	15.75	1/31/2008 11:51:46
652	664	36539	15154	7514	1857	3	315	47.25	1/31/2008 11:54:13
653	664	36539	19205	7514	1862	2	210	31.5	2/5/2008 11:57:36
654	665	49481	1796	7816	2039	4	160	24	8/1/2008 12:09:58
655	665	49481	27165	7816	2069	2	80	12	8/31/2008 12:14:00
656	665	49481	26535	7816	2068	1	40	6	8/30/2008 12:15:33
657	666	41750	15622	3416	2044	2	388	58.2	8/6/2008 12:19:33
658	670	38661	9781	8585	1996	3	135	20.25	6/19/2008 12:22:17
659	670	38661	6200	8585	1992	4	180	27	6/15/2008 12:38:29
660	670	38661	24615	8585	2014	1	45	6.75	7/7/2008 12:46:42
661	670	38661	15347	8585	2003	2	90	13.5	6/26/2008 12:48:55
662	672	40931	2122	403	1981	2	414	62.1	6/4/2008 12:50:26
663	672	40931	11377	403	1992	3	621	93.15	6/15/2008 12:55:34
664	672	40931	11048	403	1992	1	207	31.05	6/15/2008 01:02:16
665	672	40931	32752	403	2018	4	828	124.2	7/11/2008 01:57:51
666	673	31632	1730	764	2034	3	291	43.65	7/27/2008 02:06:15
667	673	31632	29438	764	2067	2	194	29.1	8/29/2008 02:06:21
668	680	523	19452	702	2149	2	438	65.7	11/19/2008 02:07:09
669	680	523	9899	702	2137	1	219	32.85	11/7/2008 02:11:30
670	681	42448	6578	5143	1918	2	316	47.4	4/2/2008 02:16:42
671	681	42448	15212	5143	1929	1	158	23.7	4/13/2008 02:16:56
672	684	7639	21327	5446	2083	2	444	66.6	9/14/2008 02:25:58
673	685	25776	1636	3977	1940	2	460	69	4/24/2008 02:29:04
674	688	34750	5486	6533	2141	1	235	35.25	11/11/2008 02:31:44
675	689	35093	9994	2930	2186	2	338	50.7	12/26/2008 02:38:05
676	689	35093	9563	2930	2186	3	507	76.05	12/26/2008 02:45:26
677	691	16739	1396	2563	1835	2	206	30.9	1/9/2008 02:51:02
678	691	16739	24149	2563	1862	4	412	61.8	2/5/2008 02:57:32
679	695	18352	4302	6851	1928	1	188	28.2	4/12/2008 03:14:12
680	695	18352	12532	6851	1938	2	376	56.4	4/22/2008 03:14:35
681	697	21857	25159	7200	2079	2	260	39	9/10/2008 03:19:23
682	698	13739	22127	8145	1954	4	216	32.4	5/8/2008 03:31:49
683	698	13739	19489	8145	1951	2	108	16.2	5/5/2008 03:37:50
684	698	13739	14550	8145	1945	1	54	8.1	4/29/2008 03:53:33
685	704	5480	14689	7873	2097	4	84	12.6	9/28/2008 03:55:07
686	706	6733	20452	7312	1940	3	354	53.1	4/24/2008 04:06:12
687	708	49542	23143	110	2110	2	272	40.8	10/11/2008 04:08:57
688	708	49542	35965	110	2126	1	136	20.4	10/27/2008 04:10:12
689	708	49542	35861	110	2126	4	544	81.6	10/27/2008 04:12:25
690	709	22357	1771	2143	1847	1	51	7.65	1/21/2008 04:31:42
691	711	25443	9609	4860	2004	1	47	7.05	6/27/2008 04:32:01
692	711	25443	12152	4860	2007	2	94	14.1	6/30/2008 04:40:02
693	712	14090	10016	4095	2018	1	119	17.85	7/11/2008 04:40:16
694	714	6198	6952	3543	1903	1	125	18.75	3/18/2008 04:47:01
695	715	11062	33154	4413	1914	1	231	34.65	3/29/2008 04:49:00
696	715	11062	39485	4413	1922	3	693	103.95	4/6/2008 04:49:55
697	715	11062	35170	4413	1917	2	462	69.3	4/1/2008 04:51:55
698	717	9564	6901	1409	1998	4	956	143.4	6/21/2008 05:08:20
699	717	9564	4052	1409	1994	2	478	71.7	6/17/2008 05:14:23
700	720	18119	19632	2450	2143	3	324	48.6	11/13/2008 05:16:43
701	720	18119	20055	2450	2144	1	108	16.2	11/14/2008 05:19:29
702	720	18119	6202	2450	2127	2	216	32.4	10/28/2008 05:20:53
703	721	32526	24071	537	2082	4	252	37.8	9/13/2008 05:23:39
704	724	35016	15780	3468	1845	1	40	6	1/19/2008 05:23:55
705	724	35016	24036	3468	1855	4	160	24	1/29/2008 05:31:55
706	729	13930	6410	4908	1871	2	168	25.2	2/14/2008 05:32:43
707	730	18855	8199	6916	1912	2	500	75	3/27/2008 05:42:51
708	731	35675	17441	4149	2049	1	173	25.95	8/11/2008 05:49:02
709	732	8910	39585	2703	1875	2	234	35.1	2/18/2008 05:53:42
710	732	8910	21696	2703	1854	1	117	17.55	1/28/2008 05:55:37
711	733	22835	11116	7817	1998	2	274	41.1	6/21/2008 06:01:11
712	740	38457	14143	5897	1928	2	482	72.3	4/12/2008 06:04:05
713	740	38457	11548	5897	1925	1	241	36.15	4/9/2008 06:05:13
714	740	38457	42135	5897	1962	4	964	144.6	5/16/2008 06:05:43
715	741	45457	6455	6039	1960	2	334	50.1	5/14/2008 06:07:16
716	743	6621	3208	2233	1939	1	75	11.25	4/23/2008 06:17:04
717	743	6621	24584	2233	1965	4	300	45	5/19/2008 06:42:34
718	744	31500	10673	7429	2155	2	76	11.4	11/25/2008 06:43:37
719	744	31500	19283	7429	2166	1	38	5.7	12/6/2008 06:50:28
720	744	31500	16040	7429	2162	4	152	22.8	12/2/2008 06:55:08
721	747	31079	1001	6328	2017	1	243	36.45	7/10/2008 06:58:10
722	747	31079	18661	6328	2038	2	486	72.9	7/31/2008 07:00:26
723	748	8582	1791	7043	2043	4	844	126.6	8/5/2008 07:02:14
724	748	8582	26636	7043	2072	1	211	31.65	9/3/2008 07:07:33
725	748	8582	35545	7043	2083	2	422	63.3	9/14/2008 07:19:53
726	750	8765	8909	2738	2091	1	94	14.1	9/22/2008 07:30:53
727	751	27649	22880	6072	2027	1	67	10.05	7/20/2008 07:41:39
728	753	49144	256	1533	2042	2	420	63	8/4/2008 07:48:21
729	754	33780	8121	891	1965	2	298	44.7	5/19/2008 07:54:29
730	755	16725	3155	8785	1872	1	26	3.9	2/15/2008 07:55:06
731	756	44592	7735	4352	2051	1	250	37.5	8/13/2008 08:03:35
732	756	44592	3455	4352	2046	3	750	112.5	8/8/2008 08:06:05
733	757	27508	4949	1412	1941	4	80	12	4/25/2008 08:08:54
734	758	33232	8806	8133	2026	4	540	81	7/19/2008 08:09:57
735	758	33232	11096	8133	2029	1	135	20.25	7/22/2008 08:11:13
736	759	22883	11912	7621	1954	1	186	27.9	5/8/2008 08:22:23
737	759	22883	27165	7621	1972	2	372	55.8	5/26/2008 08:34:16
738	760	26369	8880	2807	1976	2	66	9.9	5/30/2008 08:49:20
739	764	26124	729	8012	1939	1	20	3	4/23/2008 09:01:25
740	764	26124	6569	8012	1946	2	40	6	4/30/2008 09:04:28
741	765	44577	8197	7251	1909	1	29	4.35	3/24/2008 09:09:35
742	765	44577	17640	7251	1921	3	87	13.05	4/5/2008 09:10:16
743	769	3750	27368	663	2141	2	124	18.6	11/11/2008 09:14:18
744	769	3750	41491	663	2158	1	62	9.3	11/28/2008 09:20:01
745	770	14773	3517	1725	1948	2	100	15	5/2/2008 09:20:16
746	771	4660	6578	3803	2147	2	200	30	11/17/2008 09:21:57
747	772	21212	3567	7521	2031	4	968	145.2	7/24/2008 09:29:00
748	772	21212	19007	7521	2049	1	242	36.3	8/11/2008 09:33:56
749	773	24342	8198	4334	2021	2	74	11.1	7/14/2008 09:37:50
750	773	24342	32876	4334	2051	4	148	22.2	8/13/2008 09:51:00
751	773	24342	44437	4334	2065	1	37	5.55	8/27/2008 09:52:13
752	774	6814	12657	7589	2051	2	414	62.1	8/13/2008 09:52:55
753	774	6814	6062	7589	2043	1	207	31.05	8/5/2008 09:56:42
754	775	25454	1636	4080	1971	2	86	12.9	5/25/2008 10:03:59
755	775	25454	45100	4080	2024	1	43	6.45	7/17/2008 10:07:00
756	776	20797	7170	1811	1835	2	266	39.9	1/9/2008 10:10:30
757	777	39401	24020	6125	1964	2	314	47.1	5/18/2008 10:35:39
758	777	39401	3849	6125	1940	1	157	23.55	4/24/2008 10:39:54
759	777	39401	33907	6125	1976	4	628	94.2	5/30/2008 10:43:18
760	778	27199	29891	1581	1956	3	327	49.05	5/10/2008 10:46:46
761	779	17874	6453	4587	1914	3	234	35.1	3/29/2008 10:56:15
762	779	17874	9994	4587	1918	2	156	23.4	4/2/2008 11:13:37
763	781	17228	17066	507	2036	2	140	21	7/29/2008 11:16:16
764	781	17228	32478	507	2054	1	70	10.5	8/16/2008 11:21:59
765	782	24749	6911	2120	1913	1	55	8.25	3/28/2008 11:22:05
766	782	24749	31392	2120	1942	4	220	33	4/26/2008 11:29:55
767	782	24749	21507	2120	1930	2	110	16.5	4/14/2008 11:32:51
768	783	10768	9636	2649	1905	4	616	92.4	3/20/2008 11:34:43
769	784	18915	10496	4924	1876	2	128	19.2	2/19/2008 11:45:10
770	786	22602	24791	5535	2056	2	160	24	8/18/2008 11:53:01
771	786	22602	18018	5535	2048	1	80	12	8/10/2008 12:07:36
772	787	8904	46153	8003	1987	2	424	63.6	6/10/2008 12:07:52
773	787	8904	26982	8003	1964	1	212	31.8	5/18/2008 12:09:41
774	788	49963	13020	5962	1978	1	123	18.45	6/1/2008 12:11:28
775	789	47630	9202	3346	2015	2	86	12.9	7/8/2008 12:19:34
776	789	47630	31467	3346	2041	1	43	6.45	8/3/2008 12:20:13
777	790	9141	16237	2302	1938	1	209	31.35	4/22/2008 12:29:02
778	794	23548	3394	7934	1920	2	430	64.5	4/4/2008 12:44:32
779	797	20019	8566	296	2050	2	106	15.9	8/12/2008 01:01:10
780	797	20019	11455	296	2053	1	53	7.95	8/15/2008 01:05:24
781	799	17869	38004	7551	2037	1	190	28.5	7/30/2008 01:06:17
782	800	22245	22123	8323	2001	1	67	10.05	6/24/2008 01:14:20
783	800	22245	17980	8323	1996	2	134	20.1	6/19/2008 01:33:34
784	804	42943	10059	504	1847	3	741	111.15	1/21/2008 01:43:07
785	804	42943	5955	504	1842	1	247	37.05	1/16/2008 01:47:13
786	805	20064	46	8201	2047	2	50	7.5	8/9/2008 01:58:22
787	807	49928	36599	745	1976	1	223	33.45	5/30/2008 02:14:26
788	808	9624	27609	2480	2102	4	688	103.2	10/3/2008 02:22:04
789	808	9624	5928	2480	2076	3	516	77.4	9/7/2008 02:26:55
790	808	9624	28526	2480	2103	2	344	51.6	10/4/2008 02:27:16
791	809	17979	3438	496	1890	4	368	55.2	3/5/2008 02:30:53
792	809	17979	8204	496	1895	1	92	13.8	3/10/2008 02:36:49
793	812	9581	12883	7560	1989	2	314	47.1	6/12/2008 02:38:56
794	813	17328	37245	2462	1947	1	89	13.35	5/1/2008 02:39:57
795	813	17328	17510	2462	1924	2	178	26.7	4/8/2008 02:42:05
796	817	35183	3726	6805	1871	1	89	13.35	2/14/2008 02:53:09
797	817	35183	19517	6805	1890	2	178	26.7	3/5/2008 03:22:11
798	819	2219	8504	2662	1860	2	438	65.7	2/3/2008 03:49:18
799	819	2219	6273	2662	1857	1	219	32.85	1/31/2008 03:53:02
800	820	45689	13994	5178	1963	4	392	58.8	5/17/2008 03:55:31
801	820	45689	5439	5178	1953	2	196	29.4	5/7/2008 03:58:28
802	820	45689	29746	5178	1982	1	98	14.7	6/5/2008 04:00:03
803	820	45689	33013	5178	1986	3	294	44.1	6/9/2008 04:05:47
804	822	17267	19042	1367	2032	4	740	111	7/25/2008 04:10:20
805	823	43858	33337	6730	1980	2	342	51.3	6/3/2008 04:21:05
806	823	43858	39664	6730	1987	1	171	25.65	6/10/2008 04:22:05
807	825	6439	2626	6727	1960	1	53	7.95	5/14/2008 04:22:19
808	826	22360	47359	3591	2108	3	477	71.55	10/9/2008 04:22:53
809	826	22360	10776	3591	2064	2	318	47.7	8/26/2008 04:24:00
810	826	22360	16415	3591	2071	1	159	23.85	9/2/2008 04:25:33
811	827	2366	8204	1664	1845	1	53	7.95	1/19/2008 04:29:22
812	827	2366	18655	1664	1858	2	106	15.9	2/1/2008 04:33:20
813	829	27645	1396	8399	1988	2	220	33	6/11/2008 04:36:12
814	829	27645	26072	8399	2018	1	110	16.5	7/11/2008 04:48:53
815	829	27645	26865	8399	2019	4	440	66	7/12/2008 04:48:59
816	830	3676	2725	7676	1850	2	178	26.7	1/24/2008 05:01:50
817	832	5065	13656	6086	1867	2	354	53.1	2/10/2008 05:11:32
818	833	28005	8809	5666	2102	1	111	16.65	10/3/2008 05:17:57
819	833	28005	12532	5666	2107	2	222	33.3	10/8/2008 05:21:02
820	836	29657	16215	4420	1881	2	214	32.1	2/24/2008 05:26:55
821	837	14861	12001	4918	2115	1	87	13.05	10/16/2008 05:28:20
822	837	14861	36007	4918	2144	2	174	26.1	11/14/2008 05:31:44
823	837	14861	19594	4918	2124	4	348	52.2	10/25/2008 05:34:03
824	838	23327	10109	2624	1949	1	77	11.55	5/3/2008 05:52:17
825	839	19786	24460	5410	1991	2	314	47.1	6/14/2008 05:53:50
826	841	6112	39686	2551	2117	2	172	25.8	10/18/2008 05:54:51
827	841	6112	14264	2551	2087	4	344	51.6	9/18/2008 05:57:18
828	841	6112	39881	2551	2117	1	86	12.9	10/18/2008 05:58:08
829	844	48975	8489	5553	2188	1	185	27.75	12/28/2008 05:58:14
830	847	45414	3726	3726	1901	1	39	5.85	3/16/2008 06:04:35
831	848	39467	4622	4193	1940	2	290	43.5	4/24/2008 06:05:00
832	848	39467	30480	4193	1971	1	145	21.75	5/25/2008 06:17:07
833	849	29447	12152	5352	2072	2	248	37.2	9/3/2008 06:29:08
834	849	29447	36624	5352	2101	1	124	18.6	10/2/2008 06:30:17
835	849	29447	27742	5352	2091	3	372	55.8	9/22/2008 06:34:40
836	849	29447	27221	5352	2090	4	496	74.4	9/21/2008 06:35:37
837	851	23763	18582	4576	1926	2	286	42.9	4/10/2008 06:35:39
838	852	18063	15086	6934	1868	2	114	17.1	2/11/2008 06:36:49
839	852	18063	26282	6934	1881	1	57	8.55	2/24/2008 06:39:24
840	852	18063	23378	6934	1878	3	171	25.65	2/21/2008 06:46:59
841	854	40696	15480	3222	2165	2	464	69.6	12/5/2008 06:48:01
842	855	4519	44518	2660	2152	2	132	19.8	11/22/2008 06:53:48
843	855	4519	2626	2660	2102	1	66	9.9	10/3/2008 06:54:00
844	856	3755	30939	1602	2121	1	168	25.2	10/22/2008 07:04:50
845	861	32683	32821	5481	2185	1	25	3.75	12/25/2008 07:16:21
846	862	31933	1440	3413	2042	3	564	84.6	8/4/2008 07:16:51
847	862	31933	12861	3413	2056	1	188	28.2	8/18/2008 07:26:55
848	862	31933	2605	3413	2044	2	376	56.4	8/6/2008 07:27:03
849	863	40823	8809	7766	2091	1	84	12.6	9/22/2008 07:28:19
850	863	40823	1493	7766	2082	2	168	25.2	9/13/2008 07:28:34
851	865	27549	15633	5956	1921	4	888	133.2	4/5/2008 07:34:30
852	866	18270	26616	4088	1864	1	176	26.4	2/7/2008 07:36:11
853	867	4338	12001	651	1970	1	230	34.5	5/24/2008 07:38:26
854	867	4338	7888	651	1965	2	460	69	5/19/2008 07:58:41
855	868	40266	3710	1524	1864	2	122	18.3	2/7/2008 08:09:50
856	870	7169	4382	1693	2029	1	208	31.2	7/22/2008 08:25:16
857	871	35322	31392	6709	1880	4	328	49.2	2/23/2008 08:27:09
858	871	35322	21623	6709	1868	2	164	24.6	2/11/2008 08:32:12
859	872	15798	2123	2249	1951	2	186	27.9	5/5/2008 08:41:12
860	872	15798	40597	2249	1997	4	372	55.8	6/20/2008 08:57:51
861	872	15798	29803	2249	1984	1	93	13.95	6/7/2008 09:01:40
862	873	12760	18661	8455	1863	2	62	9.3	2/6/2008 09:07:04
863	876	13961	7217	4364	2073	2	224	33.6	9/4/2008 09:07:34
864	876	13961	16690	4364	2085	4	448	67.2	9/16/2008 09:15:49
865	876	13961	11681	4364	2079	1	112	16.8	9/10/2008 09:21:19
866	879	34261	20081	5742	2161	2	480	72	12/1/2008 09:23:14
867	880	1984	41481	6923	2024	1	185	27.75	7/17/2008 09:24:01
868	880	1984	19937	6923	1998	4	740	111	6/21/2008 09:29:46
869	880	1984	6314	6923	1982	2	370	55.5	6/5/2008 09:49:01
870	884	24502	7060	2784	2056	3	648	97.2	8/18/2008 09:55:11
871	884	24502	1817	2784	2050	2	432	64.8	8/12/2008 10:00:37
872	884	24502	5643	2784	2054	4	864	129.6	8/16/2008 10:05:04
873	884	24502	3504	2784	2052	1	216	32.4	8/14/2008 10:07:01
874	885	5098	16591	4673	2098	4	444	66.6	9/29/2008 10:13:37
875	886	8010	34299	4179	1930	1	107	16.05	4/14/2008 10:18:12
876	888	13585	4941	6239	2103	1	103	15.45	10/4/2008 10:20:47
877	888	13585	17121	6239	2118	2	206	30.9	10/19/2008 10:31:26
878	890	25052	4686	965	1962	1	228	34.2	5/16/2008 10:43:00
879	890	25052	27505	965	1990	2	456	68.4	6/13/2008 10:49:39
880	891	11915	2358	8113	1861	2	428	64.2	2/4/2008 10:58:13
881	893	17092	4673	972	2116	1	102	15.3	10/17/2008 11:04:43
882	894	47512	5563	8641	1983	1	80	12	6/6/2008 11:21:51
883	897	31666	6744	6207	1860	1	192	28.8	2/3/2008 11:22:02
884	899	40719	25035	7338	2101	3	399	59.85	10/2/2008 11:32:14
885	900	22337	3989	7225	2043	4	304	45.6	8/5/2008 11:32:37
886	902	18870	15359	601	1950	3	267	40.05	5/4/2008 11:33:36
887	902	18870	28828	601	1966	1	89	13.35	5/20/2008 11:44:14
888	903	20750	4673	3278	2095	1	227	34.05	9/26/2008 11:53:48
889	903	20750	46	3278	2090	2	454	68.1	9/21/2008 11:59:04
890	903	20750	5182	3278	2096	4	908	136.2	9/27/2008 11:59:36
891	904	46755	8481	1450	1982	1	223	33.45	6/5/2008 12:04:17
892	904	46755	13128	1450	1987	2	446	66.9	6/10/2008 12:13:00
893	907	14327	6744	8350	1936	1	138	20.7	4/20/2008 12:18:15
894	908	35260	1640	6006	1914	4	192	28.8	3/29/2008 12:24:32
895	908	35260	7941	6006	1922	2	96	14.4	4/6/2008 12:29:40
896	911	3013	17510	877	2147	2	380	57	11/17/2008 12:37:58
897	912	30088	4949	1329	2008	4	316	47.4	7/1/2008 12:52:01
898	912	30088	11219	1329	2016	2	158	23.7	7/9/2008 01:04:35
899	913	3945	3911	4497	2003	1	100	15	6/26/2008 01:04:53
900	913	3945	6578	4497	2006	2	200	30	6/29/2008 01:06:32
901	915	31398	3911	2759	2026	1	211	31.65	7/19/2008 01:06:44
902	915	31398	18742	2759	2044	4	844	126.6	8/6/2008 01:16:17
903	915	31398	19517	2759	2045	2	422	63.3	8/7/2008 01:17:05
904	916	1437	45948	6282	2105	2	298	44.7	10/6/2008 01:17:18
905	916	1437	40483	6282	2098	3	447	67.05	9/29/2008 01:17:29
906	916	1437	11272	6282	2063	1	149	22.35	8/25/2008 01:18:48
907	917	34889	1636	6959	2042	2	318	47.7	8/4/2008 01:21:45
908	917	34889	3495	6959	2045	1	159	23.85	8/7/2008 01:22:52
909	919	45301	3495	1318	2065	1	102	15.3	8/27/2008 01:26:08
910	922	36519	14436	3131	2185	1	224	33.6	12/25/2008 01:31:26
911	923	916	10231	6229	2054	1	244	36.6	8/16/2008 01:33:17
912	924	41837	14538	8507	1985	1	28	4.2	6/8/2008 01:35:39
913	925	12860	9733	7049	1960	4	780	117	5/14/2008 01:38:51
914	925	12860	10231	7049	1961	1	195	29.25	5/15/2008 01:39:01
915	925	12860	9994	7049	1960	2	390	58.5	5/14/2008 01:48:09
916	926	14539	38780	1454	1876	1	241	36.15	2/19/2008 01:57:48
917	927	34417	1396	6533	2140	2	72	10.8	11/10/2008 01:58:54
918	927	34417	469	6533	2139	4	144	21.6	11/9/2008 02:04:26
919	927	34417	23066	6533	2166	1	36	5.4	12/6/2008 02:08:46
920	927	34417	33913	6533	2179	3	108	16.2	12/19/2008 02:17:47
921	929	31191	25159	7900	2124	2	298	44.7	10/25/2008 02:27:39
922	929	31191	16283	7900	2113	3	447	67.05	10/14/2008 02:28:04
923	929	31191	23066	7900	2121	1	149	22.35	10/22/2008 02:28:46
924	933	48898	25710	1594	2191	3	504	75.6	12/31/2008 02:38:34
925	933	48898	21257	1594	2186	4	672	100.8	12/26/2008 02:46:34
926	936	44140	21012	7505	1982	2	104	15.6	6/5/2008 02:49:32
927	936	44140	25487	7505	1987	4	208	31.2	6/10/2008 02:49:49
928	937	38231	15867	83	2130	2	198	29.7	10/31/2008 02:57:09
929	937	38231	28660	83	2145	1	99	14.85	11/15/2008 03:07:54
930	939	16801	12532	8317	2115	2	70	10.5	10/16/2008 03:08:15
931	941	21096	2096	1323	2060	3	684	102.6	8/22/2008 03:08:29
932	942	20265	16479	464	1849	1	151	22.65	1/23/2008 03:10:56
933	943	7764	2597	6585	1902	1	213	31.95	3/17/2008 03:12:37
934	943	7764	2408	6585	1901	4	852	127.8	3/16/2008 03:34:57
935	943	7764	7380	6585	1907	3	639	95.85	3/22/2008 03:39:07
936	943	7764	36007	6585	1942	2	426	63.9	4/26/2008 03:39:10
937	944	33979	23309	3151	2118	2	292	43.8	10/19/2008 03:40:52
938	945	12963	4052	3033	1866	2	68	10.2	2/9/2008 03:41:49
939	945	12963	2597	3033	1865	1	34	5.1	2/8/2008 03:42:54
940	946	16143	9486	5559	2006	1	191	28.65	6/29/2008 03:42:58
941	946	16143	24759	5559	2024	4	764	114.6	7/17/2008 03:46:11
942	946	16143	25102	5559	2025	2	382	57.3	7/18/2008 03:48:01
943	947	18691	7889	1762	2116	1	248	37.2	10/17/2008 03:55:39
944	948	10100	3928	6000	2126	2	170	25.5	10/27/2008 04:03:44
945	948	10100	17209	6000	2142	1	85	12.75	11/12/2008 04:06:44
946	948	10100	14689	6000	2139	4	340	51	11/9/2008 04:09:27
947	949	24803	7889	1165	1888	1	210	31.5	3/3/2008 04:14:28
948	949	24803	28690	1165	1913	4	840	126	3/28/2008 04:14:37
949	951	4737	12152	4511	2061	2	340	51	8/23/2008 04:21:15
950	955	20300	1932	7352	1905	4	636	95.4	3/20/2008 04:25:56
951	955	20300	10214	7352	1915	1	159	23.85	3/30/2008 04:27:43
952	955	20300	35170	7352	1945	2	318	47.7	4/29/2008 04:27:46
953	956	37245	12735	6620	2114	2	436	65.4	10/15/2008 04:32:05
954	960	4582	16566	3145	1902	2	460	69	3/17/2008 04:32:58
955	960	4582	19670	3145	1906	3	690	103.5	3/21/2008 04:42:23
956	961	21202	6410	1399	2084	2	84	12.6	9/15/2008 04:53:50
957	961	21202	10214	1399	2089	1	42	6.3	9/20/2008 05:12:52
958	961	21202	20111	1399	2101	3	126	18.9	10/2/2008 05:20:38
959	962	22880	179	2323	1882	1	180	27	2/25/2008 05:21:51
960	964	22048	1816	6058	1948	1	189	28.35	5/2/2008 05:23:09
961	965	4240	1781	8601	2078	4	384	57.6	9/9/2008 05:29:07
962	965	4240	44488	8601	2129	1	96	14.4	10/30/2008 05:47:38
963	965	4240	11116	8601	2089	2	192	28.8	9/20/2008 05:49:30
964	968	8191	25617	2451	1968	2	136	20.4	5/22/2008 05:51:29
965	968	8191	12871	2451	1953	1	68	10.2	5/7/2008 05:54:44
966	970	33561	43245	4724	1963	2	316	47.4	5/17/2008 05:58:41
967	970	33561	41360	4724	1961	1	158	23.7	5/15/2008 06:14:59
968	971	9767	2703	7148	2148	1	58	8.7	11/18/2008 06:18:57
969	973	38923	6272	4658	2084	1	153	22.95	9/15/2008 06:24:00
970	973	38923	7952	4658	2086	4	612	91.8	9/17/2008 06:24:15
971	982	32350	9408	7414	2016	1	22	3.3	7/9/2008 06:26:48
972	983	18396	3616	3586	1956	1	109	16.35	5/10/2008 06:27:03
973	983	18396	27165	3586	1984	2	218	32.7	6/7/2008 06:33:11
974	983	18396	23835	3586	1980	4	436	65.4	6/3/2008 06:38:23
975	986	27374	21820	880	1894	1	90	13.5	3/9/2008 06:39:05
976	986	27374	30888	880	1905	2	180	27	3/20/2008 06:40:17
977	988	45574	16040	6318	1943	4	664	99.6	4/27/2008 06:41:54
978	988	45574	16639	6318	1943	2	332	49.8	4/27/2008 06:44:11
979	988	45574	41796	6318	1974	1	166	24.9	5/28/2008 06:46:50
980	991	31861	209	410	2017	1	250	37.5	7/10/2008 06:50:23
981	991	31861	14379	410	2034	4	1000	150	7/27/2008 06:58:25
982	995	41813	6578	615	1992	2	258	38.7	6/15/2008 06:59:45
983	996	25104	1791	7278	2072	4	136	20.4	9/3/2008 07:10:13
984	996	25104	11121	7278	2083	2	68	10.2	9/14/2008 07:19:32
985	996	25104	11048	7278	2083	1	34	5.1	9/14/2008 07:22:53
986	997	40194	2703	8206	1971	1	101	15.15	5/25/2008 07:28:38
987	998	46064	10190	534	1910	3	723	108.45	3/25/2008 07:31:25
988	998	46064	5439	534	1904	2	482	72.3	3/19/2008 07:47:00
989	999	8141	3181	7284	2097	4	772	115.8	9/28/2008 07:48:18
990	999	8141	1636	7284	2095	2	386	57.9	9/26/2008 07:56:29
991	1001	47595	9266	55	2099	2	246	36.9	9/30/2008 08:19:08
992	1001	47595	5545	55	2094	4	492	73.8	9/25/2008 08:21:37
993	1003	20543	7898	1921	2089	4	524	78.6	9/20/2008 08:24:14
994	1004	6406	4119	4497	2010	2	258	38.7	7/3/2008 08:39:40
995	1005	21818	3616	5538	1962	1	96	14.4	5/16/2008 08:42:03
996	1005	21818	256	5538	1958	2	192	28.8	5/12/2008 08:47:18
997	1005	21818	12832	5538	1973	4	384	57.6	5/27/2008 08:54:14
998	1006	13054	26350	6202	1890	4	164	24.6	3/5/2008 08:55:31
999	1008	5081	10384	4483	2052	2	126	18.9	8/14/2008 09:04:54
1000	1008	5081	6016	4483	2047	3	189	28.35	8/9/2008 09:06:14
1001	1009	26049	209	1658	2142	1	169	25.35	11/12/2008 09:06:16
1002	1010	16781	7282	918	1949	3	495	74.25	5/3/2008 09:16:05
1003	1010	16781	13656	918	1957	2	330	49.5	5/11/2008 09:17:46
1004	1015	28304	8155	2894	2071	1	25	3.75	9/2/2008 09:20:50
1005	1015	28304	12374	2894	2076	3	75	11.25	9/7/2008 09:21:02
1006	1018	26355	4120	8064	1849	3	474	71.1	1/23/2008 09:27:51
1007	1020	9571	3567	1775	2129	4	160	24	10/30/2008 09:33:43
1008	1020	9571	19205	1775	2148	2	80	12	11/18/2008 09:34:35
1009	1020	9571	5486	1775	2131	1	40	6	11/1/2008 09:41:04
1010	1023	4610	19580	7727	2030	1	220	33	7/23/2008 09:46:34
1011	1024	41319	2122	5074	1930	2	470	70.5	4/14/2008 09:47:41
1012	1024	41319	33723	5074	1968	1	235	35.25	5/22/2008 09:49:25
1013	1025	39404	9017	3690	1991	1	23	3.45	6/14/2008 09:59:20
1014	1026	7500	13837	7376	2036	4	720	108	7/29/2008 10:00:44
1015	1026	7500	12567	7376	2035	3	540	81	7/28/2008 10:02:02
1016	1028	49913	19452	4480	1856	2	104	15.6	1/30/2008 10:33:02
1017	1029	39209	8198	5478	2158	2	148	22.2	11/28/2008 10:33:48
1018	1029	39209	8155	5478	2158	1	74	11.1	11/28/2008 10:39:59
1019	1030	43830	6056	7107	2022	1	67	10.05	7/15/2008 10:53:16
1020	1030	43830	37177	7107	2059	3	201	30.15	8/21/2008 10:55:02
1021	1030	43830	4622	7107	2020	2	134	20.1	7/13/2008 10:57:14
1022	1034	21716	15086	5562	2037	2	114	17.1	7/30/2008 11:04:31
1023	1036	23225	21327	7895	1936	2	46	6.9	4/20/2008 11:18:45
1024	1037	15951	17066	2241	1900	2	482	72.3	3/15/2008 11:24:57
1025	1041	6704	20350	6205	1930	2	238	35.7	4/14/2008 11:35:38
1026	1043	42110	20833	7765	1916	4	508	76.2	3/31/2008 11:39:44
1027	1043	42110	17951	7765	1912	1	127	19.05	3/27/2008 11:40:04
1028	1043	42110	26652	7765	1922	2	254	38.1	4/6/2008 11:42:48
1029	1044	7425	306	6637	2121	3	285	42.75	10/22/2008 11:44:13
1030	1044	7425	10016	6637	2133	1	95	14.25	11/3/2008 11:45:56
1031	1044	7425	9338	6637	2132	2	190	28.5	11/2/2008 11:49:54
1032	1045	14517	19154	215	1971	4	408	61.2	5/25/2008 11:53:05
1033	1045	14517	17951	215	1970	1	102	15.3	5/24/2008 12:10:00
1034	1045	14517	9202	215	1960	2	204	30.6	5/14/2008 12:13:32
1035	1046	18109	3710	3146	2000	2	124	18.6	6/23/2008 12:22:00
1036	1049	22916	27618	1960	1950	1	124	18.6	5/4/2008 12:23:24
1037	1050	5117	2123	2960	2170	2	58	8.7	12/10/2008 12:32:55
1038	1053	18961	8566	2067	1844	2	500	75	1/18/2008 12:42:44
1039	1058	18109	7217	6959	2007	2	222	33.3	6/30/2008 12:44:25
1040	1058	18109	34249	6959	2040	3	333	49.95	8/2/2008 12:47:02
1041	1059	36621	4052	2810	2050	2	194	29.1	8/12/2008 12:48:47
1042	1060	44798	21696	8571	2145	1	56	8.4	11/15/2008 12:54:16
1043	1060	44798	6202	8571	2126	2	112	16.8	10/27/2008 12:55:27
1044	1061	46864	5304	7081	2074	2	300	45	9/5/2008 12:55:42
1045	1063	19385	1348	4234	2040	4	288	43.2	8/2/2008 12:56:12
1046	1063	19385	37489	4234	2083	2	144	21.6	9/14/2008 12:59:14
1047	1063	19385	28965	4234	2073	1	72	10.8	9/4/2008 12:59:37
1048	1064	34957	11548	2056	1916	1	155	23.25	3/31/2008 01:01:01
1049	1065	19539	4981	4574	1951	1	41	6.15	5/5/2008 01:08:23
1050	1065	19539	28574	4574	1980	3	123	18.45	6/3/2008 01:10:20
1051	1066	33658	6314	6777	1963	2	224	33.6	5/17/2008 01:15:06
1052	1067	45947	22624	2162	2070	1	144	21.6	9/1/2008 01:15:11
1053	1068	2271	23836	2459	2046	4	100	15	8/8/2008 01:18:26
1054	1068	2271	19283	2459	2041	1	25	3.75	8/3/2008 01:26:32
1055	1069	22896	16187	2661	1973	2	62	9.3	5/27/2008 01:31:40
1056	1069	22896	26535	2661	1985	1	31	4.65	6/8/2008 01:45:02
1057	1071	19593	6410	95	1835	2	88	13.2	1/9/2008 01:51:17
1058	1071	19593	10792	95	1840	3	132	19.8	1/14/2008 01:51:25
1059	1076	31256	14143	4239	1934	2	300	45	4/18/2008 01:51:42
1060	1076	31256	787	4239	1918	4	600	90	4/2/2008 01:53:11
1061	1076	31256	26636	4239	1949	1	150	22.5	5/3/2008 02:16:15
1062	1078	41981	10175	8608	1935	1	40	6	4/19/2008 02:25:59
1063	1082	4469	1817	7294	1943	2	154	23.1	4/27/2008 02:29:32
1064	1083	47853	4981	6334	1871	1	203	30.45	2/14/2008 02:30:51
1065	1084	16513	7735	82	1930	1	129	19.35	4/14/2008 02:34:40
1066	1084	16513	10673	82	1933	2	258	38.7	4/17/2008 02:45:15
1067	1086	10986	2259	3162	2027	4	796	119.4	7/20/2008 02:50:24
1068	1086	10986	17121	3162	2045	2	398	59.7	8/7/2008 02:55:53
1069	1089	5034	3067	163	2028	2	172	25.8	7/21/2008 02:57:11
1070	1089	5034	15212	163	2043	1	86	12.9	8/5/2008 03:04:00
1071	1091	15006	26535	2719	2121	1	85	12.75	10/22/2008 03:16:32
1072	1091	15006	1796	2719	2092	4	340	51	9/23/2008 03:27:13
1073	1091	15006	32735	2719	2129	2	170	25.5	10/30/2008 03:32:29
1074	1092	13787	4555	6513	1838	4	556	83.4	1/12/2008 03:39:52
1075	1092	13787	729	6513	1833	1	139	20.85	1/7/2008 03:42:08
1076	1092	13787	12415	6513	1847	2	278	41.7	1/21/2008 03:42:21
1077	1100	47789	19007	7607	2076	1	214	32.1	9/7/2008 03:45:04
1078	1101	10399	21191	6923	2022	4	268	40.2	7/15/2008 03:48:52
1079	1106	1339	7941	7520	1975	2	236	35.4	5/29/2008 03:58:05
1080	1109	47967	12268	3162	2047	4	828	124.2	8/9/2008 04:08:24
1081	1110	39846	11219	2699	1850	2	320	48	1/24/2008 04:25:11
1082	1110	39846	8083	2699	1846	4	640	96	1/20/2008 04:29:14
1083	1115	22415	256	910	1862	2	120	18	2/5/2008 04:32:29
1084	1116	17852	6569	1745	1840	2	302	45.3	1/14/2008 04:35:35
1085	1116	17852	15267	1745	1851	1	151	22.65	1/25/2008 04:42:32
1086	1117	19229	10613	7123	1996	2	468	70.2	6/19/2008 04:44:22
1087	1117	19229	31614	7123	2021	3	702	105.3	7/14/2008 04:47:05
1088	1117	19229	31438	7123	2021	1	234	35.1	7/14/2008 04:47:35
1089	1118	39154	2903	7634	1943	4	884	132.6	4/27/2008 04:59:57
1090	1118	39154	24902	7634	1969	1	221	33.15	5/23/2008 05:03:21
1091	1119	9021	28842	2382	2177	1	223	33.45	12/17/2008 05:10:43
1092	1119	9021	25972	2382	2174	2	446	66.9	12/14/2008 05:16:53
1093	1121	46978	4888	1706	1970	2	390	58.5	5/24/2008 05:20:26
1094	1121	46978	1771	1706	1967	1	195	29.25	5/21/2008 05:21:56
1095	1124	42603	7170	4363	2148	2	292	43.8	11/18/2008 05:33:52
1096	1124	42603	36862	4363	2184	1	146	21.9	12/24/2008 05:45:11
1097	1126	29791	8136	3082	2113	1	215	32.25	10/14/2008 05:49:32
1098	1128	36436	13020	8299	2051	1	88	13.2	8/13/2008 05:58:04
1099	1130	3983	13693	8433	2120	1	132	19.8	10/21/2008 06:02:24
1100	1130	3983	26146	8433	2135	4	528	79.2	11/5/2008 06:02:54
1101	1132	10553	10496	3953	1929	2	126	18.9	4/13/2008 06:05:36
1102	1136	31938	19904	5341	2128	2	280	42	10/29/2008 06:14:08
1103	1136	31938	27610	5341	2138	1	140	21	11/8/2008 06:14:13
1104	1138	21752	17146	1639	2068	4	836	125.4	8/30/2008 06:14:29
1105	1138	21752	21012	1639	2073	2	418	62.7	9/4/2008 06:15:11
1106	1139	46127	7548	7222	1889	4	572	85.8	3/4/2008 06:19:22
1107	1141	48049	1632	7815	1842	2	138	20.7	1/16/2008 06:23:19
1108	1142	48748	24615	5746	1909	1	241	36.15	3/24/2008 06:24:07
1109	1143	654	38002	1363	2149	2	474	71.1	11/19/2008 06:30:39
1110	1143	654	31438	1363	2141	1	237	35.55	11/11/2008 06:33:03
1111	1144	30513	34292	5057	2037	1	213	31.95	7/30/2008 06:34:42
1112	1146	9145	23178	8610	1947	1	21	3.15	5/1/2008 06:35:06
1113	1146	9145	23309	8610	1947	2	42	6.3	5/1/2008 06:38:02
1114	1150	21589	3928	4666	2076	2	176	26.4	9/7/2008 06:39:04
1115	1151	3781	21178	6985	1923	4	964	144.6	4/7/2008 06:43:25
1116	1151	3781	8198	6985	1907	2	482	72.3	3/22/2008 06:45:10
1117	1151	3781	37382	6985	1942	1	241	36.15	4/26/2008 06:49:55
1118	1153	35487	9229	625	1975	2	454	68.1	5/29/2008 06:50:21
1119	1154	16554	12735	2084	1914	2	196	29.4	3/29/2008 06:52:22
1120	1155	38468	6901	129	2155	4	664	99.6	11/25/2008 06:55:26
1121	1156	29631	42949	6472	1981	2	146	21.9	6/4/2008 07:08:00
1122	1156	29631	40480	6472	1978	1	73	10.95	6/1/2008 07:13:23
1123	1157	32737	6176	7683	2014	4	688	103.2	7/7/2008 07:26:57
1124	1163	11791	20350	5225	2028	2	150	22.5	7/21/2008 07:33:54
1125	1166	40222	16566	6821	2046	2	92	13.8	8/8/2008 07:34:32
1126	1166	40222	14550	6821	2044	1	46	6.9	8/6/2008 07:51:29
1127	1166	40222	28018	6821	2060	4	184	27.6	8/22/2008 08:00:57
1128	1170	35722	9019	3475	2096	1	49	7.35	9/27/2008 08:01:59
1129	1173	43679	34623	4600	2092	2	472	70.8	9/23/2008 08:06:00
1130	1174	5273	25617	1752	1891	2	450	67.5	3/6/2008 08:07:38
1131	1175	4177	9202	1040	1872	2	310	46.5	2/15/2008 08:16:48
1132	1176	37614	14462	5414	1845	3	654	98.1	1/19/2008 08:18:09
1133	1176	37614	7351	5414	1836	2	436	65.4	1/10/2008 08:20:07
1134	1176	37614	301	5414	1828	1	218	32.7	1/2/2008 08:22:32
1135	1179	17945	8566	1869	2038	2	298	44.7	7/31/2008 08:23:27
1136	1179	17945	24071	1869	2056	4	596	89.4	8/18/2008 08:24:39
1137	1181	43199	6888	7278	2103	2	280	42	10/4/2008 08:27:33
1138	1185	958	14160	547	1982	2	346	51.9	6/5/2008 08:32:28
1139	1189	33841	8197	5531	2136	1	148	22.2	11/6/2008 08:32:51
1140	1189	33841	22637	5531	2154	2	296	44.4	11/24/2008 08:35:11
1141	1190	30458	16639	5231	2074	2	198	29.7	9/5/2008 08:41:25
1142	1192	5748	30915	8537	1898	1	108	16.2	3/13/2008 08:48:32
1143	1192	5748	22555	8537	1888	2	216	32.4	3/3/2008 08:51:25
1144	1193	7193	34255	5224	1918	2	302	45.3	4/2/2008 08:55:14
1145	1193	7193	41491	5224	1926	1	151	22.65	4/10/2008 09:02:55
1146	1194	33216	6952	5387	2058	1	208	31.2	8/20/2008 09:03:10
1147	1194	33216	11121	5387	2063	2	416	62.4	8/25/2008 09:03:27
1148	1198	8427	4119	6710	2048	2	276	41.4	8/10/2008 09:13:41
1149	1199	24968	45158	7212	2011	1	243	36.45	7/4/2008 09:20:20
1150	1201	983	34215	6077	1953	1	62	9.3	5/7/2008 09:25:28
1151	1201	983	35741	6077	1954	4	248	37.2	5/8/2008 09:25:33
1152	1201	983	9453	6077	1923	2	124	18.6	4/7/2008 09:26:57
1153	1203	21689	14416	1772	2124	1	198	29.7	10/25/2008 09:32:23
1154	1205	22218	16463	4736	1982	5	660	99	6/5/2008 09:33:27
1155	1205	22218	15749	4736	1981	2	264	39.6	6/4/2008 09:33:28
1156	1205	22218	19155	4736	1985	1	132	19.8	6/8/2008 09:34:40
1157	1208	574	6584	3541	1864	1	120	18	2/7/2008 09:39:48
1158	1208	574	7941	3541	1866	2	240	36	2/9/2008 09:42:56
1159	1209	33075	29333	3448	2098	4	736	110.4	9/29/2008 09:45:06
1160	1210	35565	34299	2655	2051	1	225	33.75	8/13/2008 09:48:41
1161	1210	35565	36024	2655	2053	2	450	67.5	8/15/2008 09:54:25
1162	1214	32063	23438	1689	2013	3	411	61.65	7/6/2008 10:05:43
1163	1216	36299	16949	7330	1864	4	864	129.6	2/7/2008 10:09:22
1164	1216	36299	11219	7330	1857	2	432	64.8	1/31/2008 10:09:37
1165	1216	36299	2575	7330	1847	1	216	32.4	1/21/2008 10:20:32
1166	1216	36299	30880	7330	1881	3	648	97.2	2/24/2008 10:31:43
1167	1217	30154	8871	487	2088	3	600	90	9/19/2008 10:38:54
1168	1217	30154	31753	487	2116	4	800	120	10/17/2008 10:40:09
1169	1217	30154	29736	487	2113	2	400	60	10/14/2008 10:42:13
1170	1217	30154	18429	487	2100	1	200	30	10/1/2008 10:52:22
1171	1218	41435	4686	4835	2092	1	207	31.05	9/23/2008 10:53:40
1172	1219	31567	9486	6894	2048	1	207	31.05	8/10/2008 10:55:46
1173	1219	31567	11921	6894	2051	2	414	62.1	8/13/2008 11:07:11
1174	1219	31567	33394	6894	2077	4	828	124.2	9/8/2008 11:07:17
1175	1220	15780	2671	4185	1841	1	119	17.85	1/15/2008 11:07:17
1176	1221	233	1285	7973	1860	2	320	48	2/3/2008 11:09:38
1177	1221	233	14705	7973	1876	1	160	24	2/19/2008 11:10:46
1178	1224	13008	12374	7055	2049	3	735	110.25	8/11/2008 11:16:07
1179	1224	13008	22881	7055	2062	1	245	36.75	8/24/2008 11:22:40
1180	1225	8245	42565	5471	2048	2	42	6.3	8/10/2008 11:23:17
1181	1225	8245	11611	5471	2010	1	21	3.15	7/3/2008 11:32:44
1182	1230	34801	1785	7584	2127	2	82	12.3	10/28/2008 11:41:45
1183	1233	27749	20105	5928	1858	4	896	134.4	2/1/2008 11:48:11
1184	1233	27749	29218	5928	1869	1	224	33.6	2/12/2008 11:52:19
1185	1237	25563	12218	5639	2025	1	85	12.75	7/18/2008 11:52:54
1186	1237	25563	42439	5639	2061	3	255	38.25	8/23/2008 11:54:33
1187	1238	20540	9062	7274	2174	2	244	36.6	12/14/2008 11:57:40
1188	1238	20540	13358	7274	2180	3	366	54.9	12/20/2008 11:57:44
1189	1240	30549	21012	8717	2110	2	416	62.4	10/11/2008 11:58:51
1190	1240	30549	22123	8717	2111	1	208	31.2	10/12/2008 12:13:49
1191	1241	30597	7618	1706	1935	1	40	6	4/19/2008 12:15:04
1192	1243	14556	1785	3829	2018	2	220	33	7/11/2008 12:23:43
1193	1243	14556	179	3829	2016	1	110	16.5	7/9/2008 12:25:56
1194	1245	39410	23426	3672	1976	4	172	25.8	5/30/2008 12:27:30
1195	1245	39410	36599	3672	1991	1	43	6.45	6/14/2008 12:29:09
1196	1245	39410	44197	3672	2001	2	86	12.9	6/24/2008 12:31:44
1197	1246	38344	33320	8443	1982	1	33	4.95	6/5/2008 12:40:03
1198	1249	41506	22235	1953	1866	2	496	74.4	2/9/2008 12:43:00
1199	1249	41506	6273	1953	1847	1	248	37.2	1/21/2008 12:46:25
1200	1250	32535	14436	2378	1957	1	31	4.65	5/11/2008 01:01:16
1201	1250	32535	37439	2378	1984	2	62	9.3	6/7/2008 01:02:28
1202	1251	41859	20193	8343	1915	4	960	144	3/30/2008 01:04:08
1203	1253	32913	8627	4486	1847	2	170	25.5	1/21/2008 01:12:56
1204	1253	32913	13882	4486	1853	4	340	51	1/27/2008 01:15:26
1205	1256	14656	3928	7862	1956	2	440	66	5/10/2008 01:37:57
1206	1256	14656	29475	7862	1987	1	220	33	6/10/2008 01:40:30
1207	1258	35190	1639	1886	1981	2	264	39.6	6/4/2008 01:40:45
1208	1265	47208	700	7482	1877	4	172	25.8	2/20/2008 01:43:52
1209	1265	47208	28575	7482	1911	2	86	12.9	3/26/2008 01:46:55
1210	1265	47208	8204	7482	1886	1	43	6.45	3/1/2008 01:53:13
1211	1266	42418	16479	8705	2090	1	151	22.65	9/21/2008 01:58:07
1212	1266	42418	7877	8705	2080	3	453	67.95	9/11/2008 02:18:57
1213	1268	3945	29746	7025	2054	1	243	36.45	8/16/2008 02:19:42
1214	1275	23723	1639	896	1947	2	278	41.7	5/1/2008 02:23:25
1215	1276	28581	18092	6285	1955	1	129	19.35	5/9/2008 02:23:35
1216	1276	28581	1393	6285	1935	4	516	77.4	4/19/2008 02:30:59
1217	1276	28581	25617	6285	1964	2	258	38.7	5/18/2008 02:33:07
1218	1279	25830	29307	1746	2043	2	452	67.8	8/5/2008 02:41:15
1219	1280	16209	18592	3887	1894	4	300	45	3/9/2008 02:45:40
1220	1280	16209	15211	3887	1890	1	75	11.25	3/5/2008 02:49:30
1221	1281	39480	3726	6619	2090	1	194	29.1	9/21/2008 02:51:29
1222	1281	39480	3151	6619	2089	2	388	58.2	9/20/2008 02:58:24
1223	1284	33385	7758	2107	1895	3	462	69.3	3/10/2008 03:04:15
1224	1284	33385	20748	2107	1910	6	924	138.6	3/25/2008 03:07:33
1225	1287	47872	6056	8155	2046	1	67	10.05	8/8/2008 03:11:28
1226	1288	22585	4289	3189	1834	3	180	27	1/8/2008 03:13:48
1227	1288	22585	16639	3189	1848	2	120	18	1/22/2008 03:14:08
1228	1289	47161	2378	3164	2139	3	615	92.25	11/9/2008 03:20:26
1229	1290	16542	9486	3266	2007	1	172	25.8	6/30/2008 03:21:21
1230	1292	21099	11121	6398	1910	2	346	51.9	3/25/2008 03:22:05
1231	1292	21099	23824	6398	1925	1	173	25.95	4/9/2008 03:27:03
1232	1293	48817	13209	1176	2080	2	460	69	9/11/2008 03:30:32
1233	1293	48817	2626	1176	2068	1	230	34.5	8/30/2008 03:31:13
1234	1295	28256	1554	7132	1929	2	310	46.5	4/13/2008 03:31:55
1235	1296	9392	4119	7328	1943	2	58	8.7	4/27/2008 03:35:51
1236	1297	32049	10038	5630	2180	2	292	43.8	12/20/2008 03:47:49
1237	1299	18237	25206	1646	1983	3	720	108	6/6/2008 03:49:30
1238	1299	18237	19187	1646	1976	1	240	36	5/30/2008 03:53:59
1239	1300	29564	10384	5220	1876	2	56	8.4	2/19/2008 03:56:55
1240	1300	29564	8489	5220	1874	1	28	4.2	2/17/2008 03:57:38
1241	1304	26418	15743	2763	2034	2	470	70.5	7/27/2008 04:01:16
1242	1304	26418	30480	2763	2052	1	235	35.25	8/14/2008 04:03:20
1243	1305	39236	6164	7069	2044	4	424	63.6	8/6/2008 04:04:04
1244	1306	18386	1554	8509	1869	2	328	49.2	2/12/2008 04:14:37
1245	1308	2123	12675	410	2040	3	228	34.2	8/2/2008 04:18:56
1246	1310	40406	179	2927	1861	1	158	23.7	2/4/2008 04:18:59
1247	1312	29148	2122	2957	1887	2	80	12	3/2/2008 04:19:00
1248	1312	29148	26597	2957	1916	4	160	24	3/31/2008 04:21:36
1249	1313	12209	8809	353	2135	1	178	26.7	11/5/2008 04:23:55
1250	1317	40884	8781	795	1912	4	164	24.6	3/27/2008 04:27:43
1251	1320	25364	6065	4520	2056	4	220	33	8/18/2008 04:28:34
1252	1320	25364	19452	4520	2072	2	110	16.5	9/3/2008 04:34:34
1253	1321	22420	13650	247	1876	2	260	39	2/19/2008 04:36:18
1254	1322	37250	16570	8105	2117	1	23	3.45	10/18/2008 04:44:12
1255	1322	37250	4704	8105	2103	2	46	6.9	10/4/2008 04:48:44
1256	1323	22939	437	7034	1943	4	496	74.4	4/27/2008 04:55:36
1257	1323	22939	4704	7034	1948	2	248	37.2	5/2/2008 04:56:18
1258	1324	17760	17770	3984	2095	4	752	112.8	9/26/2008 04:56:46
1259	1324	17760	11681	3984	2088	1	188	28.2	9/19/2008 05:00:14
1260	1324	17760	21327	3984	2099	2	376	56.4	9/30/2008 05:02:00
1261	1326	13097	9408	5241	2153	1	208	31.2	11/23/2008 05:05:56
1262	1327	34549	22594	2554	2170	2	270	40.5	12/10/2008 05:07:07
1263	1328	39034	9338	8212	2155	2	172	25.8	11/25/2008 05:09:08
1264	1330	43686	22594	4322	2177	2	416	62.4	12/17/2008 05:16:44
1265	1330	43686	21820	4322	2176	1	208	31.2	12/16/2008 05:23:52
1266	1331	4871	26124	3027	2121	4	1000	150	10/22/2008 05:26:17
1267	1332	8055	3504	5368	1948	1	226	33.9	5/2/2008 05:32:53
1268	1332	8055	25765	5368	1974	2	452	67.8	5/28/2008 05:41:20
1269	1335	33787	17450	4230	2015	3	141	21.15	7/8/2008 05:44:48
1270	1335	33787	14741	4230	2012	2	94	14.1	7/5/2008 05:52:21
1271	1335	33787	10175	4230	2007	1	47	7.05	6/30/2008 05:54:55
1272	1339	2057	13886	7530	2018	2	418	62.7	7/11/2008 06:03:47
1273	1342	5681	14741	6215	2095	2	444	66.6	9/26/2008 06:07:27
1274	1342	5681	17312	6215	2098	4	888	133.2	9/29/2008 06:12:31
1275	1342	5681	38235	6215	2123	1	222	33.3	10/24/2008 06:17:16
1276	1344	14496	4941	3239	1902	1	89	13.35	3/17/2008 06:18:31
1277	1344	14496	23143	3239	1924	2	178	26.7	4/8/2008 06:19:42
1278	1348	19685	26458	5999	2018	2	246	36.9	7/11/2008 06:27:06
1279	1349	48792	6368	5700	2031	2	40	6	7/24/2008 06:29:00
1280	1349	48792	17181	5700	2044	3	60	9	8/6/2008 06:44:02
1281	1349	48792	10387	5700	2036	4	80	12	7/29/2008 06:44:55
1282	1352	6692	6202	5556	2138	2	316	47.4	11/8/2008 06:56:05
1283	1352	6692	8481	5556	2141	1	158	23.7	11/11/2008 07:17:42
1284	1352	6692	9246	5556	2142	4	632	94.8	11/12/2008 07:21:12
1285	1356	24786	24081	2093	2033	1	33	4.95	7/26/2008 07:24:14
1286	1358	46664	9046	4029	1863	2	124	18.6	2/6/2008 07:24:53
1287	1362	32077	19187	8218	2080	1	242	36.3	9/11/2008 07:25:39
1288	1362	32077	437	8218	2057	4	968	145.2	8/19/2008 07:26:07
1289	1366	22964	6014	442	2044	2	90	13.5	8/6/2008 07:26:40
1290	1367	14453	6014	8774	2057	2	66	9.9	8/19/2008 07:27:55
1291	1367	14453	5308	8774	2056	3	99	14.85	8/18/2008 07:39:22
1292	1367	14453	21232	8774	2075	4	132	19.8	9/6/2008 07:49:49
1293	1369	3801	33026	2052	2011	3	696	104.4	7/4/2008 07:58:53
1294	1369	3801	21882	2052	1998	4	928	139.2	6/21/2008 08:01:43
1295	1369	3801	37978	2052	2017	1	232	34.8	7/10/2008 08:02:52
1296	1369	3801	38383	2052	2018	2	464	69.6	7/11/2008 08:14:13
1297	1370	44841	4682	130	1867	2	478	71.7	2/10/2008 08:18:01
1298	1372	3343	11272	1281	1852	1	75	11.25	1/26/2008 08:23:01
1299	1373	81	11092	250	1894	4	508	76.2	3/9/2008 08:31:31
1300	1373	81	4673	250	1886	1	127	19.05	3/1/2008 08:32:18
1301	1373	81	5535	250	1887	2	254	38.1	3/2/2008 08:41:06
1302	1374	16297	8681	339	1984	3	627	94.05	6/7/2008 08:42:54
1303	1375	30406	21783	1946	2018	3	114	17.1	7/11/2008 08:43:13
1304	1375	30406	4682	1946	1997	2	76	11.4	6/20/2008 08:56:28
1305	1380	7634	14143	7982	2040	2	282	42.3	8/2/2008 09:02:50
1306	1380	7634	27494	7982	2057	4	564	84.6	8/19/2008 09:04:04
1307	1381	21247	2001	3128	2042	4	780	117	8/4/2008 09:05:12
1308	1382	26146	10216	4255	1916	2	258	38.7	3/31/2008 09:11:17
1309	1382	26146	43086	4255	1955	1	129	19.35	5/9/2008 09:11:54
1310	1383	9421	18126	7982	2057	4	412	61.8	8/19/2008 09:12:39
1311	1384	44572	10673	315	2131	2	278	41.7	11/1/2008 09:17:46
1312	1384	44572	14538	315	2136	1	139	20.85	11/6/2008 09:21:40
1313	1384	44572	26778	315	2151	4	556	83.4	11/21/2008 09:23:50
1314	1385	17051	11921	361	1933	2	410	61.5	4/17/2008 09:25:04
1315	1385	17051	3911	361	1923	1	205	30.75	4/7/2008 09:58:38
1316	1385	17051	12969	361	1934	4	820	123	4/18/2008 10:01:34
1317	1386	21431	10175	212	1951	1	216	32.4	5/5/2008 10:02:00
1318	1388	40071	17856	7709	2035	1	206	30.9	7/28/2008 10:02:56
1319	1391	16527	814	665	2058	4	228	34.2	8/20/2008 10:04:15
1320	1391	16527	11422	665	2071	3	171	25.65	9/2/2008 10:09:40
1321	1394	16458	1730	2639	2095	3	519	77.85	9/26/2008 10:10:58
1322	1394	16458	22011	2639	2119	2	346	51.9	10/20/2008 10:15:27
1323	1395	26506	8136	7775	2108	1	201	30.15	10/9/2008 10:23:25
1324	1395	26506	10216	7775	2111	2	402	60.3	10/12/2008 10:31:55
1325	1395	26506	2164	7775	2101	3	603	90.45	10/2/2008 10:36:20
1326	1397	25501	3495	4997	1941	1	120	18	4/25/2008 10:38:21
1327	1397	25501	27486	4997	1969	4	480	72	5/23/2008 10:38:43
1328	1399	8021	22011	1893	2152	2	316	47.4	11/22/2008 10:38:53
1329	1399	8021	33197	1893	2165	3	474	71.1	12/5/2008 10:40:01
1330	1399	8021	13693	1893	2142	1	158	23.7	11/12/2008 10:45:20
1331	1400	24340	12415	8506	2175	2	348	52.2	12/15/2008 10:48:40
1332	1401	22518	10231	5748	1968	1	102	15.3	5/22/2008 10:49:22
1333	1401	22518	4840	5748	1961	4	408	61.2	5/15/2008 10:51:31
1334	1404	20029	14070	1093	1917	3	399	59.85	4/1/2008 10:52:38
1335	1404	20029	8880	1093	1911	2	266	39.9	3/26/2008 11:03:16
1336	1404	20029	28574	1093	1935	4	532	79.8	4/19/2008 11:12:45
1337	1405	14281	7476	547	1972	4	232	34.8	5/26/2008 11:13:49
1338	1405	14281	23066	547	1991	1	58	8.7	6/14/2008 11:18:52
1339	1405	14281	21373	547	1989	2	116	17.4	6/12/2008 11:20:04
1340	1408	786	17209	4260	2110	1	172	25.8	10/11/2008 11:20:34
1341	1408	786	6569	4260	2097	2	344	51.6	9/28/2008 11:26:42
1342	1412	49462	7170	2535	1909	2	204	30.6	3/24/2008 11:31:40
1343	1413	29849	1785	245	2149	2	290	43.5	11/19/2008 11:32:11
1344	1414	10768	22137	4059	2003	2	434	65.1	6/26/2008 11:36:48
1345	1415	19340	12061	746	2135	4	320	48	11/5/2008 11:37:20
1346	1415	19340	24615	746	2150	1	80	12	11/20/2008 11:39:56
1347	1415	19340	22137	746	2147	2	160	24	11/17/2008 11:42:25
1348	1418	19319	9563	5000	2167	3	237	35.55	12/7/2008 11:49:21
1349	1418	19319	8047	5000	2165	2	158	23.7	12/5/2008 11:55:20
1350	1419	35629	23178	237	1882	1	237	35.55	2/25/2008 12:00:00
1351	1419	35629	8047	237	1864	2	474	71.1	2/7/2008 12:05:06
1352	1420	9706	36390	2638	1879	4	908	136.2	2/22/2008 12:06:01
1353	1420	9706	1816	2638	1838	1	227	34.05	1/12/2008 12:13:01
1354	1421	19785	12529	4899	1972	4	812	121.8	5/26/2008 12:18:38
1355	1423	22810	15521	7006	2061	3	516	77.4	8/23/2008 12:22:45
1356	1429	46548	2298	2558	1915	4	468	70.2	3/30/2008 12:23:26
1357	1431	32347	9831	3456	2049	2	460	69	8/11/2008 12:25:23
1358	1433	20970	2597	6589	2049	1	190	28.5	8/11/2008 12:27:54
1359	1435	17619	14550	5303	1874	1	225	33.75	2/17/2008 12:28:01
1360	1435	17619	25624	5303	1887	2	450	67.5	3/2/2008 12:32:06
1361	1436	45292	19904	5916	2175	2	334	50.1	12/15/2008 12:33:17
1362	1437	10813	7889	8082	2016	1	126	18.9	7/9/2008 12:35:58
1363	1437	10813	1639	8082	2008	2	252	37.8	7/1/2008 12:41:38
1364	1438	30671	18126	5077	1904	4	324	48.6	3/19/2008 12:42:50
1365	1438	30671	25624	5077	1913	2	162	24.3	3/28/2008 12:48:21
1366	1438	30671	28804	5077	1917	1	81	12.15	4/1/2008 12:48:50
1367	1442	44912	814	1860	1878	4	284	42.6	2/21/2008 12:51:20
1368	1442	44912	2584	1860	1881	2	142	21.3	2/24/2008 12:57:47
1369	1442	44912	8136	1860	1887	1	71	10.65	3/2/2008 01:02:38
1370	1443	2450	2584	5273	1960	2	458	68.7	5/14/2008 01:03:10
1371	1443	2450	9019	5273	1967	1	229	34.35	5/21/2008 01:05:49
1372	1446	33747	13693	8685	1913	1	71	10.65	3/28/2008 01:09:46
1373	1446	33747	33715	8685	1937	3	213	31.95	4/21/2008 01:12:41
1374	1451	5413	34201	6751	2089	1	199	29.85	9/20/2008 01:16:05
1375	1451	5413	29830	6751	2083	4	796	119.4	9/14/2008 01:18:29
1376	1456	1169	15405	2873	2158	1	109	16.35	11/28/2008 01:21:14
1377	1458	38681	4223	2360	1843	2	158	23.7	1/17/2008 01:23:14
1378	1460	17704	11048	2518	2127	1	82	12.3	10/28/2008 01:25:38
1379	1461	27947	10214	3814	2067	1	188	28.2	8/29/2008 01:28:52
1380	1462	7938	20669	7461	2109	2	158	23.7	10/10/2008 01:31:32
1381	1463	6855	13075	515	2139	2	172	25.8	11/9/2008 01:32:38
1382	1467	40889	5146	6079	1982	4	244	36.6	6/5/2008 01:39:07
1383	1467	40889	4223	6079	1981	2	122	18.3	6/4/2008 01:42:50
1384	1467	40889	6952	6079	1984	1	61	9.15	6/7/2008 01:46:25
1385	1469	48659	18735	4706	1863	3	336	50.4	2/6/2008 01:53:11
1386	1469	48659	6272	4706	1848	1	112	16.8	1/22/2008 01:55:07
1387	1469	48659	1554	4706	1842	2	224	33.6	1/16/2008 01:56:40
1388	1473	17453	2210	1196	2074	3	429	64.35	9/5/2008 01:57:08
1389	1475	16114	5509	8253	1887	4	752	112.8	3/2/2008 01:58:37
1390	1477	26200	12548	7704	1865	3	159	23.85	2/8/2008 01:58:41
1391	1477	26200	2703	7704	1853	1	53	7.95	1/27/2008 02:18:14
1392	1477	26200	24422	7704	1879	2	106	15.9	2/22/2008 02:19:14
1393	1477	26200	41751	7704	1900	4	212	31.8	3/15/2008 02:26:20
1394	1478	21375	70	6140	2033	2	478	71.7	7/26/2008 02:31:45
1395	1479	33054	24616	5377	2136	1	134	20.1	11/6/2008 02:36:30
1396	1480	3916	16739	3611	2076	4	496	74.4	9/7/2008 02:44:56
1397	1480	3916	30615	3611	2092	1	124	18.6	9/23/2008 02:55:23
1398	1480	3916	46219	3611	2111	2	248	37.2	10/12/2008 03:11:19
1399	1481	46148	4704	4616	2045	2	326	48.9	8/7/2008 03:17:37
1400	1482	19943	14550	2198	2020	1	192	28.8	7/13/2008 03:26:08
1401	1482	19943	22222	2198	2029	2	384	57.6	7/22/2008 03:36:39
1402	1482	19943	17640	2198	2024	3	576	86.4	7/17/2008 03:41:40
1403	1483	12597	70	825	2034	2	312	46.8	7/27/2008 03:48:43
1404	1485	2200	9037	632	2144	4	208	31.2	11/14/2008 03:52:09
1405	1485	2200	3616	632	2138	1	52	7.8	11/8/2008 03:52:42
1406	1485	2200	22594	632	2161	2	104	15.6	12/1/2008 03:54:09
1407	1488	19504	5486	350	2058	1	223	33.45	8/20/2008 04:02:43
1408	1489	43195	209	6483	2035	1	80	12	7/28/2008 04:06:57
1409	1490	37460	9019	908	2096	1	70	10.5	9/27/2008 04:17:05
1410	1492	36712	30854	172	1943	2	486	72.9	4/27/2008 04:23:27
1411	1492	36712	33723	172	1946	1	243	36.45	4/30/2008 04:27:26
1412	1496	20957	12171	2167	1903	2	172	25.8	3/18/2008 04:30:42
1413	1496	20957	8928	2167	1899	3	258	38.7	3/14/2008 04:34:22
1414	1496	20957	39104	2167	1935	1	86	12.9	4/19/2008 04:37:31
1415	1499	2774	8909	5729	2054	1	100	15	8/16/2008 04:38:22
1416	1500	11657	7351	7560	1998	2	262	39.3	6/21/2008 04:40:17
1417	1503	18259	11096	897	1913	1	243	36.45	3/28/2008 04:41:29
1418	1505	29100	23488	4512	1986	2	390	58.5	6/9/2008 04:43:29
1419	1505	29100	37300	4512	2002	4	780	117	6/25/2008 04:47:00
1420	1506	24230	10672	6378	2082	3	303	45.45	9/13/2008 04:47:53
1421	1507	48477	24921	4693	2082	1	150	22.5	9/13/2008 04:54:35
1422	1507	48477	24491	4693	2082	2	300	45	9/13/2008 04:57:16
1423	1508	33537	10016	7607	2094	1	151	22.65	9/25/2008 04:57:55
1424	1508	33537	22555	7607	2109	2	302	45.3	10/10/2008 05:03:46
1425	1509	39469	20194	3589	2125	4	772	115.8	10/26/2008 05:08:50
1426	1509	39469	9017	3589	2111	1	193	28.95	10/12/2008 05:11:37
1427	1509	39469	9046	3589	2111	2	386	57.9	10/12/2008 05:20:08
1428	1510	25967	6952	5542	1861	1	142	21.3	2/4/2008 05:29:40
1429	1510	25967	26925	5542	1885	2	284	42.6	2/28/2008 05:30:52
1430	1511	41796	6062	6323	2024	1	93	13.95	7/17/2008 05:33:30
1431	1511	41796	2019	6323	2019	4	372	55.8	7/12/2008 05:44:22
1432	1512	44512	20055	3669	2120	1	202	30.3	10/21/2008 05:55:10
1433	1512	44512	37306	3669	2140	4	808	121.2	11/10/2008 05:59:31
1434	1515	44854	17990	6555	2032	2	68	10.2	7/25/2008 05:59:44
1435	1515	44854	24744	6555	2040	4	136	20.4	8/2/2008 06:06:34
1436	1515	44854	6911	6555	2019	1	34	5.1	7/12/2008 06:06:40
1437	1516	43376	15780	2909	1864	1	230	34.5	2/7/2008 06:08:25
1438	1516	43376	23094	2909	1873	2	460	69	2/16/2008 06:11:53
1439	1518	15867	17990	6350	2133	2	378	56.7	11/3/2008 06:17:56
1440	1518	15867	30149	6350	2148	1	189	28.35	11/18/2008 06:22:44
1441	1520	17431	4188	2082	1933	2	434	65.1	4/17/2008 06:24:05
1442	1520	17431	48238	2082	1985	4	868	130.2	6/8/2008 06:25:28
1443	1520	17431	21696	2082	1954	1	217	32.55	5/8/2008 06:27:29
1444	1523	25402	12134	2047	2074	2	86	12.9	9/5/2008 06:29:19
1445	1523	25402	18018	2047	2081	1	43	6.45	9/12/2008 06:29:29
1446	1525	13921	4682	8288	2096	2	142	21.3	9/27/2008 06:29:30
1447	1526	28794	12134	3423	1968	2	220	33	5/22/2008 06:34:29
1448	1526	28794	24616	3423	1983	1	110	16.5	6/6/2008 06:36:34
1449	1526	28794	29830	3423	1989	4	440	66	6/12/2008 06:57:22
1450	1527	29758	16237	4111	1914	1	229	34.35	3/29/2008 06:57:33
1451	1531	21061	10509	4140	1966	4	584	87.6	5/20/2008 07:10:28
1452	1531	21061	31875	4140	1992	2	292	43.8	6/15/2008 07:15:14
1453	1531	21061	25960	4140	1985	6	876	131.4	6/8/2008 07:15:30
1454	1533	308	17951	2176	1893	1	165	24.75	3/8/2008 07:17:44
1455	1533	308	31427	2176	1909	3	495	74.25	3/24/2008 07:21:42
1456	1539	6471	724	1097	2106	2	90	13.5	10/7/2008 07:23:35
1457	1540	39175	7735	3654	2008	1	78	11.7	7/1/2008 07:25:32
1458	1543	32125	11146	6642	2079	4	352	52.8	9/10/2008 07:28:30
1459	1543	32125	9422	6642	2077	2	176	26.4	9/8/2008 07:33:55
1460	1544	39851	17312	4639	1945	4	936	140.4	4/29/2008 07:45:28
1461	1544	39851	27764	4639	1958	1	234	35.1	5/12/2008 07:59:36
1462	1544	39851	34014	4639	1965	2	468	70.2	5/19/2008 08:01:55
1463	1545	6134	2045	1650	2067	3	168	25.2	8/29/2008 08:03:47
1464	1546	3073	8909	3732	2115	1	239	35.85	10/16/2008 08:12:26
1465	1548	1740	729	1440	2145	1	53	7.95	11/15/2008 08:19:59
1466	1548	1740	18322	1440	2166	2	106	15.9	12/6/2008 08:29:37
1467	1549	12829	10216	1448	2133	2	410	61.5	11/3/2008 08:31:23
1468	1551	27754	5406	8305	2158	2	166	24.9	11/28/2008 08:49:51
1469	1553	42689	7008	4418	2120	4	432	64.8	10/21/2008 08:49:58
1470	1554	9896	11096	935	1847	1	60	9	1/21/2008 08:54:50
1471	1555	7972	23745	2062	2154	4	996	149.4	11/24/2008 08:55:20
1472	1555	7972	24798	2062	2155	1	249	37.35	11/25/2008 09:03:02
1473	1556	5158	10484	27	2104	2	380	57	10/5/2008 09:03:33
1474	1556	5158	19007	27	2114	1	190	28.5	10/15/2008 09:09:04
1475	1557	42022	43964	9	2080	2	72	10.8	9/11/2008 09:15:26
1476	1557	42022	34362	9	2069	1	36	5.4	8/31/2008 09:29:03
1477	1559	1311	16745	693	2060	1	45	6.75	8/22/2008 09:43:39
1478	1560	29825	437	530	1887	4	660	99	3/2/2008 09:44:00
1479	1562	14707	724	1287	2152	2	182	27.3	11/22/2008 09:45:05
1480	1562	14707	24921	1287	2181	1	91	13.65	12/21/2008 09:47:03
1481	1563	11077	14318	1679	2066	4	352	52.8	8/28/2008 09:50:02
1482	1563	11077	19712	1679	2072	1	88	13.2	9/3/2008 09:52:41
1483	1565	40660	26535	8119	1938	1	245	36.75	4/22/2008 10:03:19
1484	1565	40660	8047	8119	1916	2	490	73.5	3/31/2008 10:12:18
1485	1568	43786	15267	5823	2078	1	40	6	9/9/2008 10:19:52
1486	1570	33897	9422	2923	1920	2	254	38.1	4/4/2008 10:22:28
1487	1570	33897	5146	2923	1915	4	508	76.2	3/30/2008 10:23:56
1488	1570	33897	6062	2923	1916	1	127	19.05	3/31/2008 10:28:44
1489	1571	7019	15622	2218	2035	2	142	21.3	7/28/2008 10:32:22
1490	1572	49045	81	1133	1875	2	500	75	2/18/2008 10:35:10
1491	1574	9888	5509	7244	2146	4	604	90.6	11/16/2008 10:38:31
1492	1575	40869	15347	5237	1904	2	106	15.9	3/19/2008 10:38:34
1493	1575	40869	4447	5237	1891	4	212	31.8	3/6/2008 10:42:34
1494	1576	39493	13020	2647	1872	1	176	26.4	2/15/2008 10:43:36
1495	1578	47361	5406	2836	2131	2	466	69.9	11/1/2008 10:59:11
1496	1578	47361	6911	2836	2133	1	233	34.95	11/3/2008 11:00:26
1497	1579	2027	30019	4776	1870	2	500	75	2/13/2008 11:17:42
1498	1579	2027	30437	4776	1870	1	250	37.5	2/13/2008 11:17:46
1499	1579	2027	11062	4776	1847	4	1000	150	1/21/2008 11:19:29
1500	1579	2027	30625	4776	1870	3	750	112.5	2/13/2008 11:20:40